200 100 210 3654434 272958 318.98 1086.45 2
200 100 210 3654434 272958 247.76 721.00 4
200 100 210 3654434 272958 160.77 429.31 8
200 100 210 3654434 272958 105.07 257.95 16
200 100 210 3654434 272958 65.32 162.08 32
200 100 220 4268563 234781 367.74 1279.58 2
200 100 220 4268563 234781 271.58 837.59 4
200 100 220 4268563 234781 171.79 491.81 8
200 100 220 4268563 234781 119.37 313.49 16
200 100 220 4268563 234781 76.20 190.42 32
200 100 230 5050758 271906 458.73 1667.60 2
200 100 230 5050758 271906 319.21 1006.09 4
200 100 230 5050758 271906 208.16 604.38 8
200 100 230 5050758 271906 132.77 361.27 16
200 100 230 5050758 271906 87.29 222.64 32
200 100 240 5943791 322165 551.96 1981.24 2
200 100 240 5943791 322165 386.57 1230.45 4
200 100 240 5943791 322165 248.72 730.32 8
200 100 240 5943791 322165 153.77 423.87 16
200 100 240 5943791 322165 110.22 280.07 32
200 100 250 5497896 206101 654.04 2222.80 2
200 100 250 5497896 206101 443.58 1350.81 4
200 100 250 5497896 206101 288.17 810.78 8
200 100 250 5497896 206101 181.06 480.66 16
200 100 250 5497896 206101 117.87 295.86 32
200 100 260 6465920 254221 755.03 2639.80 2
200 100 260 6465920 254221 526.86 1631.75 4
200 100 260 6465920 254221 325.42 473.15 8
200 100 260 6465920 254221 219.61 586.97 16
200 100 260 6465920 254221 150.28 372.53 32
200 100 270 7495343 284563 860.88 3125.37 2
200 100 270 7495343 284563 613.34 1950.81 4
200 100 270 7495343 284563 373.45 1104.22 8
200 100 270 7495343 284563 237.70 655.82 16
200 100 270 7495343 284563 145.30 381.92 32
200 100 280 8675279 344559 1044.41 3797.36 2
200 100 280 8675279 344559 706.75 2276.45 4
200 100 280 8675279 344559 440.91 1309.58 8
200 100 280 8675279 344559 298.98 817.75 16
200 100 280 8675279 344559 188.63 488.19 32
200 100 290 10292060 434530 1258.71 4654.81 2
200 100 290 10292060 434530 912.98 2906.38 4
200 100 290 10292060 434530 541.50 1622.64 8
200 100 290 10292060 434530 356.18 994.78 16
200 100 290 10292060 434530 221.28 581.77 32
200 100 300 11991452 518708 1584.88 5819.49 2
200 100 300 11991452 518708 1094.54 3510.53 4
200 100 300 11991452 518708 657.05 1974.99 8
200 100 300 11991452 518708 412.69 1155.58 16
200 100 300 11991452 518708 275.80 721.49 32
200 100 310 13840156 622105 1868.19 6946.75 2
200 100 310 13840156 622105 1256.36 4121.81 4
200 100 310 13840156 622105 789.06 2384.27 8
200 100 310 13840156 622105 469.10 1347.53 16
200 100 310 13840156 622105 0.00 847.37 32
200 100 320 0 0 2179.16 0.00 2
200 100 320 15741371 730936 1412.84 4723.77 4
200 100 320 15741371 730936 876.77 2711.81 8
200 100 320 15741371 730936 511.38 1499.35 16
200 100 320 15741371 730936 350.76 945.71 32
200 100 330 12277889 414411 2686.02 8362.96 2
200 100 330 12277889 414411 1591.21 4630.08 4
200 100 330 12277889 414411 1006.89 2741.72 8
200 100 330 12277889 414411 562.78 1476.62 16
200 100 330 12277889 414411 374.41 935.20 32
200 100 340 14302659 525476 3091.02 9886.18 2
200 100 340 14302659 525476 1758.18 5290.60 4
200 100 340 14302659 525476 1079.81 3045.96 8
200 100 340 14302659 525476 649.93 1747.78 16
200 100 340 14302659 525476 425.47 1078.78 32
200 100 350 16211128 582208 3212.14 10606.61 2
200 100 350 16211128 582208 1976.67 6073.45 4
200 100 350 16211128 582208 1243.90 3549.84 8
200 100 350 16211128 582208 768.04 2078.23 16
200 100 350 16211128 582208 465.09 1203.12 32
200 100 360 16899848 605742 3683.89 12678.30 2
200 100 360 16899848 605742 2191.71 6607.17 4
200 100 360 16899848 605742 1316.67 3751.79 8
200 100 360 16899848 605742 843.36 2242.35 16
200 100 360 16899848 605742 480.82 1246.71 32
200 100 370 16809455 577317 3593.90 12212.43 2
200 100 370 16809455 577317 2364.72 6893.73 4
200 100 370 16809455 577317 1442.12 3983.35 8
200 100 370 16809455 577317 893.56 2337.50 16
200 100 370 16809455 577317 523.96 1328.82 32
200 100 380 18573615 593988 4116.23 13323.49 2
200 100 380 0 0 2454.94 0.00 4
200 100 380 18573615 593988 1570.22 2210.90 8
200 100 380 18573615 593988 993.23 2605.40 16
200 100 380 18573615 593988 566.09 1448.43 32
200 100 390 19557954 569609 4528.70 14408.65 2
200 100 390 19557954 569609 2555.85 7797.04 4
200 100 390 19557954 569609 1640.12 4617.63 8
200 100 390 19557954 569609 1123.30 2928.03 16
200 100 390 19557954 569609 628.80 1601.29 32
200 100 400 0 0 5079.45 0.00 2
200 100 400 21355762 606785 2606.40 8217.53 4
200 100 400 21355762 606785 1818.61 5141.54 8
200 100 400 21355762 606785 1244.11 3246.88 16
200 100 400 21355762 606785 684.96 1747.78 32
