0.991906094830483,0.654723928077146,0.267508207354695,0.673712232848629,0.658877609064803,0.554177061188966,0.814251750474796,0.929743205895647,0.858687452971935,0.831898988224566
0.960617997217923,0.353197271935642,0.218645284883678,0.0948578554671258,0.185069964500144,0.688275237567723,0.928777225781232,0.900939270388335,0.034438761183992,0.766842754324898
0.944675268605351,0.270260145887733,0.516796836396679,0.492596120806411,0.954378136899322,0.658057553693652,0.147481045220047,0.750882187858224,0.970997145865113,0.272780316416174
0.934705231105909,0.99268406117335,0.268950592027977,0.461551840649918,0.897848492022604,0.663342725252733,0.749821664998308,0.676568772410974,0.745110136223957,0.188163298880681
0.912875924259424,0.633493264438584,0.181168327340856,0.375216530868784,0.943697054404765,0.472234202548862,0.975657349685207,0.648013445781544,0.273255241801962,0.225761834764853
0.908207789994776,0.213208135217428,0.518576137488708,0.991099219536409,0.72369075124152,0.969528166111559,0.974792463472113,0.0732468697242439,0.677106101531535,0.0619703675620258
0.898389684967697,0.129372348077595,0.562782935798168,0.176350713707507,0.370357065927237,0.402197062736377,0.350625570164993,0.423558418406174,0.347947468049824,0.0599002409726381
0.892198335845023,0.478118034312502,0.129156854469329,0.813435208518058,0.781017540255561,0.849552103783935,0.393949056975543,0.530824364162982,0.947020521620288,0.148155870381743
0.876269212691113,0.924074469832703,0.256367604015395,0.0684466371312737,0.011149508645758,0.756644907407463,0.950951009057462,0.942704762332141,0.338623774936423,0.0729878859128803
0.875321330036968,0.59876096714288,0.717935275984928,0.40044974675402,0.940308712190017,0.532601219369099,0.106648319633678,0.71222455939278,0.0317132039926946,0.042885891860351
0.86969084572047,0.976170694921166,0.961409936426207,0.141144325723872,0.993749226210639,0.874149660812691,0.934760116506368,0.724490575492382,0.35358579759486,0.522461272310466
0.864339470630512,0.731792511884123,0.100140846567228,0.193309862399474,0.3574057451915,0.467115115607157,0.346162099856883,0.470128617715091,0.387123587774113,0.789231489412487
0.8612094768323,0.356726912083104,0.763222689507529,0.841351716779172,0.747635063482448,0.00812845537438989,0.53306060587056,0.120282255811617,0.356947160093114,0.69475334812887
0.839440350187942,0.431473690550774,0.947966354666278,0.719913988374174,0.792909023817629,0.72776700463146,0.538794299354777,0.783097670879215,0.959968606010079,0.06657604733482
0.827373318606988,0.148211560677737,0.818634688388556,0.267212083097547,0.705859006382525,0.716589478775859,0.714717949740589,0.438157397089526,0.383738204836845,0.0179577465169132
0.820946294115856,0.0130775754805654,0.308292330708355,0.495001644827425,0.475825038738549,0.187426371034235,0.405790500110015,0.431455979822204,0.546337621053681,0.442158423364162
0.810870242770761,0.715566066093743,0.649579460499808,0.0831138978246599,0.494654526002705,0.646067276829854,0.152788141276687,0.0274978789966553,0.925323475850746,0.157602083170786
0.79730882588774,0.103184235747904,0.953355451114476,0.353884240612388,0.308052448788658,0.541979279834777,0.340232761343941,0.146561842877418,0.916859527118504,0.718860115855932
0.79423986072652,0.446284348610789,0.953732650028542,0.969208805356175,0.695012246258557,0.335320759797469,0.62665484752506,0.422595157986507,0.24273299286142,0.703941832529381
0.789356231689453,0.640101045137271,0.339979203417897,0.624714189674705,0.822793305618688,0.637908723205328,0.0573726783040911,0.767137174261734,0.717090838821605,0.885226304875687
0.78293276228942,0.991838620044291,0.262474110117182,0.664618249749765,0.434717640746385,0.829201063839719,0.851667639799416,0.0047664453741163,0.348946035839617,0.325261015212163
0.778914677444845,0.495593577856198,0.165453933179379,0.312489656498656,0.514732652809471,0.708975198445842,0.212645345833153,0.603595691500232,0.5542833507061,0.970881566638127
0.777445221319795,0.484349524369463,0.322168056620285,0.405689612729475,0.663010967662558,0.348550350870937,0.539462027838454,0.90557726053521,0.74297241307795,0.984820266254246
0.777320698834956,0.173442334868014,0.510125206550583,0.996077371528372,0.143166586523876,0.128327874932438,0.136487586190924,0.706661531934515,0.819698318606243,0.0391847176942974
0.769841419998556,0.754820944508538,0.923968471353874,0.855082356370986,0.344487393740565,0.38807848887518,0.324865140486509,0.2625371592585,0.869657265022397,0.893571288092062
0.766310670645908,0.453895489219576,0.510959698352963,0.953548396006227,0.405763582326472,0.92817754833959,0.621076293755323,0.851076219463721,0.0358651343267411,0.82239915127866
0.757087148027495,0.511169783771038,0.257621260825545,0.812305092345923,0.0853110058233142,0.804390771314502,0.255982248578221,0.333605515072122,0.220024403417483,0.724244692828506
0.7323137386702,0.207545113284141,0.0464608869515359,0.782182115828618,0.932571928249672,0.758696807082742,0.634875798830763,0.578284267568961,0.3669732096605,0.288920137798414
0.723710946040228,0.228658142732456,0.41785625834018,0.267878128914163,0.838384066708386,0.957249888917431,0.485672106966376,0.432773130247369,0.305696442024782,0.501948604593053
0.717618508264422,0.595711996313184,0.854001502273604,0.762151529546827,0.879433296155185,0.993913878686726,0.938176916679367,0.0515953230205923,0.727830457501113,0.428347001317888
0.712514678714797,0.57487219828181,0.347230677725747,0.986311589134857,0.935712467646226,0.606440994655713,0.857501537073404,0.729803287889808,0.699728766223416,0.610016016056761
0.711121222469956,0.0770643802825361,0.131442320533097,0.293605549028143,0.0724606334697455,0.0293771654833108,0.370883537689224,0.548170414287597,0.910060926806182,0.926113174064085
0.692731556482613,0.0355405795853585,0.374486864544451,0.399351106956601,0.378759440500289,0.336445357883349,0.314201829954982,0.751221985556185,0.845602609682828,0.240123257739469
0.687022846657783,0.642795492196456,0.631420228397474,0.812131523853168,0.537864922778681,0.277658086735755,0.828534359810874,0.0507711647078395,0.778544640168548,0.271881833905354
0.668466738192365,0.928615199634805,0.390078933676705,0.0771516691893339,0.105050138663501,0.117197550134733,0.451841513160616,0.714966212399304,0.400843428215012,0.735003646463156
0.662005076417699,0.598092422354966,0.689627848798409,0.363696809858084,0.801687705563381,0.0432182590011507,0.315878412220627,0.297694456763566,0.576804658863693,0.751545873004943
0.660797792486846,0.560900748008862,0.689413412474096,0.442592467181385,0.739641745807603,0.370309785706922,0.0978085375390947,0.28347720974125,0.0763594461604953,0.930591920856386
0.651673766085878,0.526027723914012,0.554900623159483,0.156714132521302,0.052149013383314,0.33687830879353,0.0649005365557969,0.829877127427608,0.872974850703031,0.462730274768546
0.65087046707049,0.985095223877579,0.429624407785013,0.582205270184204,0.482169573195279,0.173652553465217,0.689457366475835,0.0863953751977533,0.956285735592246,0.860691176727414
0.647060193819925,0.507641822332516,0.452720062807202,0.970162178855389,0.920517840655521,0.621773279504851,0.668050603941083,0.0426571189891547,0.505531079834327,0.312036419520155
0.642288258532062,0.682788078673184,0.306443258887157,0.98949983343482,0.0415284289047122,0.397843627491966,0.90454664779827,0.348740808898583,0.924366363789886,0.208039013436064
0.62911404389888,0.601541217649356,0.578353944001719,0.176452036481351,0.293991799000651,0.955675768665969,0.301693270448595,0.542336010141298,0.134513532742858,0.920827467227355
0.604933290276676,0.238868677755818,0.910370304249227,0.542130424408242,0.500850487267599,0.653349443105981,0.932808704674244,0.609460863517597,0.238737003179267,0.0527368842158467
0.599565825425088,0.258165926672518,0.142604082124308,0.384303892031312,0.609748935094103,0.328743716701865,0.201983017381281,0.271372098475695,0.489962622057647,0.411155431065708
0.572853363351896,0.729309623362496,0.415047625312582,0.676164050819352,0.264249049592763,0.197146713500842,0.792378755984828,0.205230931984261,0.474060096777976,0.456341215176508
0.553036311641335,0.452570831403136,0.210925750667229,0.26929377974011,0.423098609549925,0.115342324832454,0.224630508804694,0.38163214828819,0.434994159033522,0.415860247565433
0.529719580197707,0.175126768415794,0.428750370861962,0.469250942347571,0.366563616320491,0.995965478708968,0.0307565710972995,0.47255811537616,0.0392489600926638,0.670353451743722
0.518634263193235,0.746698269620538,0.132689975202084,0.171800082316622,0.942505322396755,0.379276725230739,0.862034041201696,0.835517949890345,0.644331015180796,0.756904080044478
0.497699242085218,0.104987640399486,0.460096445865929,0.36918946239166,0.123723565135151,0.561988092726097,0.685107505181804,0.121471496298909,0.715567200211808,0.911651314469054
0.493541307048872,0.864544949028641,0.942957059247419,0.725405272562057,0.0700326792430133,0.732718017650768,0.942074909573421,0.675808124942705,0.351666721282527,0.819952085847035
0.482080115471035,0.614644971676171,0.761973861604929,0.486149104312062,0.964317037956789,0.870805552927777,0.675853760447353,0.496685219928622,0.946556748822331,0.0936498525552452
0.478545248275623,0.557159538846463,0.932909828843549,0.0638024667277932,0.442510108230636,0.572170259663835,0.843120148405433,0.90223774779588,0.74310650723055,0.177906081313267
0.477619622135535,0.328777319053188,0.470678497571498,0.784546229988337,0.370272380299866,0.0110360709950328,0.361894184956327,0.551263966830447,0.0507859203498811,0.6422145802062
0.477230065036565,0.453131445450708,0.603588067693636,0.418321635806933,0.170243580127135,0.906315261265263,0.392365885199979,0.12856467650272,0.98036478087306,0.874282993841916
0.476351245073602,0.500440972624347,0.484989680582657,0.981018084799871,0.0541904293932021,0.770653631538153,0.567687397589907,0.442009785678238,0.217822452541441,0.592313350411132
0.459065726259723,0.180866361130029,0.10880631650798,0.282883955864236,0.657828069292009,0.382504623383284,0.0951521336100996,0.192297696368769,0.0361960020381957,0.262432192219421
0.455274453619495,0.529630602803081,0.247726832982153,0.847882149508223,0.578161916695535,0.0940458888653666,0.193784071598202,0.434900622116402,0.2607038654387,0.883752264082432
0.438097107224166,0.0752757457084954,0.498514530714601,0.0822392308618873,0.987101763952523,0.0496535839047283,0.588066393043846,0.225133402971551,0.720415785908699,0.187689346261322
0.434659484773874,0.277755932649598,0.372866708086804,0.886458750581369,0.603792401496321,0.821162318112329,0.751504168147221,0.961096282117069,0.247894181171432,0.488866982283071
0.411274429643527,0.212699519237503,0.934691370232031,0.471930730855092,0.0649499187711626,0.829324304359034,0.867238787235692,0.448427465045825,0.234915791545063,0.0098204871173948
0.410084082046524,0.284790480975062,0.523986077867448,0.109100963454694,0.16210908186622,0.654732875758782,0.371795737184584,0.77714498527348,0.021011842880398,0.360434043221176
0.406830187188461,0.895094102947041,0.317144671687856,0.333277984522283,0.475397920468822,0.132827813038602,0.798814549576491,0.158219774486497,0.264620627742261,0.442161690909415
0.399994368897751,0.4462353233248,0.277966029476374,0.837416569236666,0.00193283474072814,0.341809901176021,0.0583143925759941,0.866808582562953,0.691801619483158,0.125729221384972
0.389989543473348,0.779984889784828,0.787540507735685,0.276849841699004,0.441459143068641,0.731371578993276,0.623435709392652,0.206145605770871,0.0346693911124021,0.6243645476643
0.386114092543721,0.880619034869596,0.702462512534112,0.587035141419619,0.260929737240076,0.907291416078806,0.356641406659037,0.177949683042243,0.0627861295361072,0.302431331714615
0.384103718213737,0.413124209502712,0.165027638664469,0.836732269730419,0.938413745490834,0.696196999400854,0.587927932385355,0.16489114635624,0.397706091869622,0.239637228194624
0.382387957070023,0.0638084805104882,0.0644575387705117,0.0711540239863098,0.715833283727989,0.241579222260043,0.913784642005339,0.565268977312371,0.490028424886987,0.358629763592035
0.380035179434344,0.335487491684034,0.754705621628091,0.702778743347153,0.163085478357971,0.644107228610665,0.199442182900384,0.727181021124125,0.631048747571185,0.89291041251272
0.37212389963679,0.723725946620107,0.620410033036023,0.69882453721948,0.476188018452376,0.280750213656574,0.369083623867482,0.87591898906976,0.723404312273487,0.990627265069634
0.34668348915875,0.337615333497524,0.169576766667888,0.46396238100715,0.690256722969934,0.957636520732194,0.671408327762038,0.7084243837744,0.0767657924443483,0.732421197462827
0.34034899668768,0.630414122482762,0.0622140523046255,0.436931110452861,0.460895179538056,0.158395956736058,0.768144550733268,0.47746321093291,0.421446080552414,0.99278808827512
0.339072937844321,0.840614554006606,0.109029268613085,0.562176787760109,0.95514673832804,0.418338991701603,0.522248276043683,0.820279993582517,0.9737266858574,0.53978936211206
0.333774930797517,0.856131664710119,0.381716351723298,0.928483226336539,0.712540122447535,0.252009797375649,0.828075018012896,0.0166122107766569,0.813805783400312,0.433801761828363
0.332394674187526,0.39135928102769,0.169310914585367,0.230466414242983,0.397147933254018,0.0943902677390724,0.52709619468078,0.996111101238057,0.223767722956836,0.96467367419973
0.325352151878178,0.380493885604665,0.298652542056516,0.221813754411414,0.117720612091944,0.827717769658193,0.501754825003445,0.63489483576268,0.489742305828258,0.148319643223658
0.31627170718275,0.895445425994694,0.192209535045549,0.420215893303975,0.24011627305299,0.525305503746495,0.419973319862038,0.42847538087517,0.0113401929847896,0.0664930557832122
0.293603372760117,0.644315762910992,0.257170021301135,0.333520805696025,0.863630566513166,0.667747627478093,0.362298283260316,0.0283929328434169,0.258602296933532,0.0242514880374074
0.267220668727532,0.741078648716211,0.181231822818518,0.864807550329715,0.435976401669905,0.408277759794146,0.123428910272196,0.753332700580359,0.454598771873862,0.61242324183695
0.2655086631421,0.605303446529433,0.477313709678128,0.177194535732269,0.497868051985279,0.842589903390035,0.298161529470235,0.20863397535868,0.740976688219234,0.696608748054132
0.258016780717298,0.903081611497328,0.770737042883411,0.49331872863695,0.691927672130987,0.737305467948318,0.276676489738747,0.999455405166373,0.990660011768341,0.801141887204722
0.245488513959572,0.293730155099183,0.0277871224097908,0.429713366786018,0.760313281789422,0.348224401008338,0.770225355634466,0.907249193172902,0.332204946083948,0.137730283895507
0.244797277031466,0.19126010988839,0.527310776989907,0.564263842999935,0.155401222640648,0.948938177432865,0.77818130212836,0.712465031770989,0.944791405461729,0.15978482272476
0.239629415096715,0.886450943304226,0.880319068906829,0.656162315513939,0.849457093048841,0.646679189987481,0.143787280656397,0.730932883918285,0.961853419896215,0.988833592971787
0.212142521282658,0.503339485730976,0.373063371982425,0.97855406277813,0.946817819029093,0.03527776687406,0.515526150586084,0.472487921128049,0.899277499644086,0.398645695531741
0.205974574899301,0.877057543024421,0.0479591316543519,0.232161148451269,0.588419190375134,0.596448455704376,0.597240485483781,0.86251068697311,0.492715835105628,0.187911816174164
0.202692255144939,0.189193622441962,0.138628246728331,0.240811596158892,0.502250815276057,0.415318001527339,0.505843024002388,0.165415122406557,0.784935477888212,0.477728241123259
0.201681931037456,0.758103052387014,0.321492120390758,0.796836083987728,0.189779917709529,0.0768970381468534,0.386099633062258,0.620427925605327,0.803119047079235,0.544234022730961
0.186217601411045,0.724498892668635,0.154831611318514,0.831671715015545,0.00183685822412372,0.52804887923412,0.426098100841045,0.29233139497228,0.677767623681575,0.328157980693504
0.176556752528995,0.943724818294868,0.132228172151372,0.113507706439123,0.877578062238172,0.962333308532834,0.0117597347125411,0.456141733797267,0.581277578603476,0.999930593650788
0.14330437942408,0.547646587016061,0.221305927727371,0.963312016334385,0.134111337829381,0.708740051137283,0.919331770390272,0.0456392089836299,0.330668087350205,0.527781835990027
0.125555095961317,0.711743867723271,0.226380796171725,0.147322899661958,0.0227412241511047,0.553475703578442,0.0794396931305528,0.177661752095446,0.00131465657614172,0.133734508184716
0.121691921027377,0.388905099825934,0.13141653384082,0.143626942764968,0.939136706059799,0.242956608999521,0.507374254753813,0.0579320678953081,0.0658019641414285,0.438540067756549
0.107943625887856,0.100873126182705,0.981563460314646,0.925229935208336,0.292948722839355,0.778042529011145,0.820171616971493,0.944410233525559,0.0859519173391163,0.620793939800933
0.0994661601725966,0.927302088588476,0.327013726811856,0.507035602582619,0.164326574420556,0.651940943440422,0.5983954181429,0.342743474291638,0.0131097168195993,0.202912412118167
0.0842469143681228,0.283232500310987,0.506939497077838,0.15485101705417,0.399102555820718,0.830245703924447,0.424153526080772,0.517950570676476,0.335745624266565,0.134169772733003
0.0706790471449494,0.59057315881364,0.68144251476042,0.348302052123472,0.459575412096456,0.648550947429612,0.559310270706192,0.625245335279033,0.119264316512272,0.776833998039365
0.0617862704675645,0.110360604943708,0.0991691031958908,0.659821025794372,0.434030848555267,0.479835794307292,0.789094472071156,0.23726485366933,0.593595445388928,0.635949848685414
0.0589343772735447,0.840507032116875,0.118902558228001,0.311772374436259,0.517009826377034,0.495064105605707,0.167715257965028,0.516123914392665,0.0373126757331192,0.282136296620592
0.023331202333793,0.317963684443384,0.0504396595060825,0.351573409279808,0.846245752647519,0.379872591467574,0.970451730070636,0.806541827740148,0.00957179185934365,0.191259456099942
0.0133903331588954,0.782851336989552,0.929253919748589,0.147845706902444,0.0551642864011228,0.450485437177122,0.473503098357469,0.348264734493569,0.161596125923097,0.265536719933152
