0.99268406117335,0.815454144100886,0.724473871585799,1.17607166863557,0.858687452971935,0.530808792915195,0.366526579251513,0.239606710383669,0.138538560131565,0.0616094244178385,0.871805021073669,0.595569584751502,0.0597310056909919,0.63354170625098,0.939054067479447,0.802349541336298,0.634649808518589,0.947512933518738,0.762412854935974,0.28400175482966
0.991906094830483,0.607455115576383,0.98276464954403,1.15376071021925,0.034438761183992,0.684860904002562,0.741393025033176,0.647764874156564,0.0475245749112219,0.35532134771347,0.967197048477829,0.944378237938508,0.0525821361225098,0.215981491142884,0.558589052874595,0.47949518612586,0.997656602412462,0.0712402206845582,0.59382830420509,0.748254963662475
0.991838620044291,1.31577876885696,1.42943684318331,0.849514164308796,0.970997145865113,0.383283393690363,0.933506249915808,0.975670760730281,0.0339188734069467,0.577037754002959,0.866916270926595,0.12865765299648,0.972770247841254,0.905941029312089,0.57100012502633,0.177401563152671,0.505074343876913,0.371038995217532,0.719509370625019,0.612767340848222
0.985095223877579,1.08894920481046,1.26951438298271,0.447178188070273,0.745110136223957,0.954987998353317,0.673209949862212,0.377998807933182,0.916089018341154,0.535031558480114,0.437715301522985,0.524701888905838,0.794607590185478,0.586245939601213,0.107309120241553,0.397133344551548,0.933232999639586,0.669765127124265,0.284091336419806,0.512801430653781
0.976170694921166,0.965000708554361,1.01282009921646,0.862761289840638,0.273255241801962,0.118356580613181,0.70135710737668,0.464144128607586,0.840200393926352,0.604272830300033,0.191937792114913,0.931875708047301,0.0316677016671747,0.168583858758211,0.388762210728601,0.814226992661133,0.191208887146786,0.00999835669063032,0.441674972185865,0.874437238555402
0.960617997217923,1.09990151924163,0.830031429541731,1.22045776372957,0.677106101531535,0.0391000553499907,0.847625407855958,0.812296295771375,0.1788714164868,0.486148978350684,0.0822944045066833,0.441982066258788,0.543284805025905,0.683197691803798,0.977478005457669,0.941357076400891,0.484762544510886,0.749893881380558,0.75138835189864,0.0132819041609764
0.944675268605351,0.955378404371194,1.3531871318262,0.906616959694388,0.347947468049824,0.504505032906309,0.706156654981896,0.494408113183454,0.495267945108935,0.131626568036154,0.583451637532562,0.401971613289788,0.0175970334094018,0.113990662852302,0.221451952122152,0.173349933931604,0.634125648066401,0.985846241936088,0.934092341689393,0.555495660053566
0.943724818294868,0.681668118856253,0.896826579326793,0.816115151556713,0.947020521620288,0.578482555225492,0.85880775959231,0.0503090226557106,0.306958527071401,0.96457004873082,0.0703614954836667,0.365522500360385,0.776669898070395,0.527885041665286,0.220063263550401,0.354940799530596,0.202303132042289,0.273909657727927,0.0714133388828486,0.924096579663455
0.934705231105909,0.510092019486308,0.75642027778865,0.527628454780751,0.338623774936423,0.839303907938302,0.44564449111931,0.130621740594506,0.274376961868256,0.742461576359347,0.527662655804306,0.572829977376387,0.757301493315026,0.941509603289887,0.282170991180465,0.705040041357279,0.429601910756901,0.139519652351737,0.389918048400432,0.535429883049801
0.928615199634805,0.886999481833274,0.657121138530423,0.807740728545389,0.0317132039926946,0.654444975312799,0.676634992007166,0.161438316106796,0.128243855433539,0.366839384660125,0.472288285382092,0.106167400954291,0.0105481466744095,0.148946444038302,0.119221175322309,0.959240919910371,0.670688453828916,0.976404243381694,0.127625434426591,0.227849250426516
0.927302088588476,0.864744772684405,0.810496490977574,0.765669710773208,0.35358579759486,0.944528339896351,0.127824782626703,0.0894531598314643,0.429381913272664,0.150825294898823,0.0481913706753403,0.657213832018897,0.81791408197023,0.589121523778886,0.180133660789579,0.427801409969106,0.821587861981243,0.306301631964743,0.978706541005522,0.00426723924465477
0.924074469832703,0.712427327896456,1.25769349322535,0.802718634135002,0.387123587774113,0.511657629627734,0.736171535216272,0.403614088194445,0.695944963721558,0.226939673302695,0.594540807651356,0.800479157827795,0.856345876585692,0.878276449628174,0.284447416896001,0.135915317805484,0.358691193396226,0.56942411349155,0.161171129206195,0.67474200646393
0.912875924259424,0.996320643372716,1.1300245954295,0.9302576883605,0.356947160093114,0.0849210591986775,0.0672451483551413,0.0638598678633571,0.335060718469322,0.745116808917373,0.791271215071902,0.160081139067188,0.422309697605669,0.178157206624746,0.644275576109067,0.813741239253432,0.618271555984393,0.538207527250051,0.115898978663608,0.111760105704889
0.908207789994776,0.845117483151606,1.01971345571852,0.861348384115337,0.959968606010079,0.994770509423688,0.2808000696823,0.562005922431126,0.701246433425695,0.050592377781868,0.598868683679029,0.499149806331843,0.63429570524022,0.47083354764618,0.960355026647449,0.8068449604325,0.347069602226838,0.96145927417092,0.786069729132578,0.114785871468484
0.903081611497328,1.06819143831373,0.575715047765295,1.15558699063303,0.383738204836845,0.401444119866937,0.411617683712393,0.336524107959121,0.840534914750606,0.593993296846747,0.0279159292113036,0.138865772867575,0.418075025547296,0.141462349332869,0.071094990009442,0.908110354794189,0.755966565106064,0.452176122227684,0.905293547548354,0.773117371369153
0.898389684967697,1.15664409248333,0.844082079041274,0.585630066634335,0.546337621053681,0.895646296674386,0.943424997152761,0.540642281062901,0.882632006658241,0.153250648407266,0.39572663186118,0.688598210224882,0.324664350133389,0.0993826135527343,0.0379184696357697,0.703601886983961,0.565426904708147,0.378670980222523,0.599870102247223,0.725970957195386
0.895445425994694,0.770424430411418,1.11380513677651,0.596751121437999,0.925323475850746,0.876858412055299,0.97734253318049,0.913231221958995,0.766589350067079,0.762780725024641,0.106243964517489,0.480641926405951,0.765787225915119,0.290351454168558,0.0404609409160912,0.458796519786119,0.627588032977656,0.0644230844918638,0.300136657431722,0.0783975780941546
0.895094102947041,0.720064752037193,0.832343450904435,0.675667138556676,0.916859527118504,0.296484797960147,0.0388665851205587,0.38688075914979,0.322027627611533,0.995281064882874,0.0241113880183548,0.20781287481077,0.704655513167381,0.245475998381153,0.416924799326807,0.0816244133748114,0.392214556923136,0.67102567339316,0.226046127732843,0.00510848499834538
0.892198335845023,0.920869724406635,0.755793556404502,0.886376986268222,0.24273299286142,0.132591909728944,0.587727777194232,0.960267164045945,0.0421170077752322,0.173998110694811,0.840897767804563,0.717721335589886,0.919051357079297,0.722559324000031,0.252264143666252,0.730743972118944,0.658381888410076,0.0654471057932824,0.63842404820025,0.455259998561814
0.886450943304226,1.17148886995578,0.896867080601622,1.32118792721708,0.717090838821605,0.265910907648504,0.0300116771832108,0.384686591336504,0.8927099222783,0.619130822597072,0.32639992586337,0.333421071292832,0.610136551316828,0.53627455397509,0.108593236422166,0.932681515347213,0.683106247335672,0.201968907378614,0.279024854302406,0.989025634946302
0.880619034869596,0.533669149663516,0.738759741301679,1.15457644461676,0.348946035839617,0.00572754279710352,0.565281208371744,0.941601979313418,0.638105145189911,0.537983173970133,0.2942976471968,0.529427384026349,0.0558548604603857,0.299001172650605,0.860879449406639,0.0359482921194285,0.77632555551827,0.918583245016634,0.471430473960936,0.619448245270178
0.877057543024421,0.709576613619935,0.806115880155156,0.801381410726725,0.5542833507061,0.819601821480319,0.0982272308319807,0.680635657161474,0.554493116214871,0.818258262239397,0.822897979756817,0.593498748727143,0.736152135068551,0.199700410012156,0.151392416795716,0.107039442518726,0.767656422685832,0.95688528008759,0.922835612669587,0.237372878007591
0.876269212691113,0.733118689613126,1.35527588105034,0.720520237425772,0.74297241307795,0.174661678960547,0.630290788598359,0.902642353670672,0.766329948091879,0.321746907196939,0.414347424637526,0.75988901196979,0.903967918362468,0.910177063662559,0.548879792448133,0.396388927707449,0.0110934360418469,0.239341633627191,0.447039629099891,0.361664640251547
0.875321330036968,0.9502855216455,0.9855233174015,1.12813839587223,0.819698318606243,0.84308055206202,0.818501834524795,0.253797065699473,0.0968612944707274,0.582326936768368,0.0101712229661644,0.039695909479633,0.701814879896119,0.0329712047241628,0.510724522871897,0.152283743256703,0.230813289992511,0.406939328880981,0.176126699196175,0.742622322868556
0.86969084572047,1.34635643811441,1.11944802475285,0.931293469128822,0.869657265022397,0.16671216674149,0.350041663041338,0.406097129452974,0.748016487574205,0.0709323794580996,0.0524083885829896,0.631179952295497,0.57769950828515,0.596324425190687,0.310565027175471,0.113112227525562,0.697714437264949,0.79614728805609,0.464907581685111,0.197317335521802
0.864544949028641,0.771762356716277,0.874438979517795,0.780844611123962,0.0358651343267411,0.76401943503879,0.133983674924821,0.0142486135009676,0.875217987690121,0.570644013117999,0.730370381381363,0.170349805383012,0.565839251037687,0.15090500889346,0.682977760676295,0.286152201937512,0.903948790160939,0.880628596292809,0.86713677062653,0.0262142333667725
0.864339470630512,0.779039390206787,0.773229707576425,0.856810884715246,0.220024403417483,0.518938087392598,0.080943378387019,0.11044779419899,0.00766859552823007,0.56067725061439,0.0733949469868094,0.707256585825235,0.367175505962223,0.577648263191804,0.748439820716158,0.581009721849114,0.0889520738273859,0.956159168621525,0.820635310839862,0.0719839727971703
0.8612094768323,0.520590433952659,0.992787357237778,1.09866919010732,0.3669732096605,0.272685303352773,0.350443314295262,0.501537791918963,0.934916985454038,0.434170939493924,0.0703566265292466,0.264722274616361,0.55692170956172,0.454476653132588,0.952518456615508,0.14162838482298,0.662700216518715,0.627194220898673,0.945926673477516,0.581832582363859
0.856131664710119,0.647832193504149,0.559038182233091,0.835000125941138,0.305696442024782,0.343203135766089,0.996271784650162,0.371526648057625,0.406965658068657,0.96194878523238,0.637171967187896,0.0803224456030875,0.897090169833973,0.493808774044737,0.362614567857236,0.4944173397962,0.641757260542363,0.217940802918747,0.512540388619527,0.604207064723596
0.840614554006606,0.994361546409053,1.13445146379688,0.881102884466446,0.727830457501113,0.705075340112671,0.532968810759485,0.805915554286912,0.788763389689848,0.711271684383973,0.41330587095581,0.713207269553095,0.272230607224628,0.526207120390609,0.346293529728428,0.360284397145733,0.933884687488899,0.525597776286304,0.105226350249723,0.982604904100299
0.840507032116875,0.691442956629603,0.79615479889604,0.99658872697237,0.699728766223416,0.591535301180556,0.335897380486131,0.00792284356430173,0.976127624511719,0.258469532011077,0.430717830779031,0.750814122147858,0.826333165401593,0.383012889884412,0.454230330651626,0.407026430824772,0.905703466618434,0.239814594388008,0.912915701977909,0.0282371218781918
0.839440350187942,0.742146051086382,0.234979707456866,0.731011874281396,0.910060926806182,0.469379037618637,0.314234643476084,0.836512059206143,0.33340254588984,0.92567753768526,0.0802463705185801,0.170225525507703,0.675995662575588,0.928897896083072,0.668704696698114,0.281181986443698,0.0282599737402052,0.940649811178446,0.989705915795639,0.862138818949461
0.827373318606988,0.756765429639254,0.653554210689785,0.42206688930799,0.845602609682828,0.336376605555415,0.382622060365975,0.37683917931281,0.787214820971712,0.420811663148925,0.277116678655148,0.214822159614414,0.899366909172386,0.433417851105332,0.529091747943312,0.425313429441303,0.326966211665422,0.0231360632460564,0.54518087557517,0.17742281104438
0.820946294115856,0.808486189236087,0.738167983128906,0.816611895379699,0.778544640168548,0.967837428674102,0.018546407809481,0.385248533217236,0.0893609160557389,0.816300745587796,0.794071018928662,0.136855290038511,0.296659813495353,0.244762477930635,0.00282118795439601,0.463501589838415,0.866350872209296,0.634712329600006,0.412231551017612,0.659622746752575
0.810870242770761,1.13479326468268,1.20871389576191,1.05532676395882,0.400843428215012,0.645841883728281,0.0365391168743372,0.951530575519428,0.0436999020166695,0.754665047628805,0.0910974657163024,0.320704787038267,0.385464416816831,0.876257271505892,0.861873355694115,0.829269654583186,0.209497950971127,0.97127534286119,0.569187722867355,0.455581671092659
0.79730882588774,1.04655110713902,0.781510872385584,0.762572499510823,0.576804658863693,0.196301169227809,0.878513294039294,0.475674239452928,0.514933738159016,0.412143304478377,0.276682177558541,0.659653313225135,0.905349676962942,0.182659917743877,0.556885670172051,0.359094252577052,0.489857292966917,0.107324536889791,0.935180360917002,0.315793792251498
0.79423986072652,1.19595785187437,0.497474071361195,0.927042499071972,0.0763594461604953,0.357180385151878,0.402064023772255,0.552093794336542,0.0480893275234848,0.514416832011193,0.136255458230153,0.458246603375301,0.781176410615444,0.0903237543534487,0.901919867144898,0.438799045747146,0.465626492165029,0.224762569880113,0.478674574755132,0.167213704204187
0.789356231689453,0.418472329124638,0.731982021426663,0.679788592106894,0.872974850703031,0.513018082128838,0.469381074188277,0.934716325020418,0.0891961276065558,0.542284718481824,0.6634760950692,0.221783839398995,0.542550917714834,0.23915986972861,0.950325969839469,0.00725971511565149,0.532063555205241,0.146222741808742,0.444759102305397,0.429882332216948
0.78293276228942,0.690389885791524,0.602728008486052,0.599444361201031,0.956285735592246,0.882996740518138,0.402336510131136,0.86343625606969,0.688325521536171,0.974024304188788,0.979130022460595,0.0496916156262159,0.616280185990036,0.861430489923805,0.90016832225956,0.968147910665721,0.943565017078072,0.352731726365164,0.335506540024653,0.435299002565444
0.782851336989552,0.991472103655009,0.468047914510351,0.870272487596162,0.505531079834327,0.152667565271258,0.702090102480724,0.259914484340698,0.0348385337274522,0.073637954890728,0.211811334360391,0.842967495322227,0.925736116012558,0.832555507542565,0.693946446059272,0.337498082546517,0.536258358042687,0.333441155962646,0.0619698725640774,0.998813308309764
0.779984889784828,0.719217385510467,0.646321903480114,0.702991177474513,0.924366363789886,0.230461597442627,0.399164465256035,0.687699834583327,0.430910924449563,0.76950380532071,0.372026984347031,0.460355976829305,0.302508435444906,0.362912645563483,0.836223875638098,0.0284441991243511,0.54024756886065,0.086290895473212,0.582350987708196,0.805156203918159
0.778914677444845,0.842530817452443,0.407681774629193,0.947389738200478,0.134513532742858,0.162988578435034,0.501958322711289,0.447907246183604,0.759294051211327,0.872554909205064,0.118364716647193,0.044669063994661,0.363235213793814,0.187907135579735,0.463188710156828,0.356542730005458,0.638817836530507,0.971149060176685,0.172415588283911,0.33691137121059
0.777445221319795,0.647695419629631,1.31422980492538,0.968048482331071,0.238737003179267,0.614346859045327,0.0369737506844103,0.21801627590321,0.831796954618767,0.989865584531799,0.780536147300154,0.330020109890029,0.960560950217769,0.768745967419818,0.629099685000256,0.640314553165808,0.559129370842129,0.770943657960743,0.839626242173836,0.507219970459118
0.777320698834956,0.403539830128994,0.832970045952404,0.695194335684277,0.489962622057647,0.501636443892494,0.297975734807551,0.68623681506142,0.382462516892701,0.965147644048557,0.0655782136600465,0.350482023321092,0.419576285406947,0.440788447391242,0.439100827323273,0.286633577663451,0.0611279506701976,0.0301099128555506,0.281323125585914,0.290489595383406
0.769841419998556,0.528442104269464,0.894855343335003,0.790003075351197,0.474060096777976,0.188118888065219,0.962841981789097,0.959382025292143,0.615554818883538,0.636421318631619,0.783775092335418,0.236220998689532,0.564239503117278,0.476709238486364,0.969921130919829,0.982765204971656,0.29238359327428,0.946407520910725,0.792136813048273,0.554588325321674
0.766310670645908,1.14576228217722,0.536024170228841,0.950461809282715,0.434994159033522,0.407714852597564,0.935096904635429,0.259404480922967,0.344986650394276,0.0653892939444631,0.123852211982012,0.209322826238349,0.800476333126426,0.980656960047781,0.279548889491707,0.0823013337794691,0.483624843880534,0.471443838207051,0.729115832597017,0.265910958871245
0.758103052387014,0.705785940493664,1.01723651387204,1.05002209536536,0.0392489600926638,0.582388046896085,0.961099177366123,0.468759991927072,0.532278774073347,0.128414754988626,0.777341672452167,0.289584968937561,0.478194958763197,0.0891814369242638,0.979468783829361,0.128030818421394,0.298862256575376,0.589938755845651,0.840376283740625,0.945077045354992
0.757087148027495,1.11468349125494,0.861512842705337,0.677718641194252,0.644331015180796,0.308929065009579,0.792595364153385,0.321339557645842,0.260009106947109,0.492784780450165,0.36134907277301,0.299830043222755,0.871663532685488,0.0973854917101562,0.682925201021135,0.263550981180742,0.533755369950086,0.987220240058377,0.494808007031679,0.126765631139278
0.754820944508538,0.928281047624057,0.56709564442526,0.658204178753057,0.715567200211808,0.480965640163049,0.754777192836627,0.164642814546824,0.572860622312874,0.663244860246778,0.615930010797456,0.893524003913626,0.701587424613535,0.635668759932742,0.90800611441955,0.212941627483815,0.444380736444145,0.344388371799141,0.958429436432198,0.455688889371231
0.746698269620538,0.887214457201377,0.725150697165808,0.683454443157329,0.351666721282527,0.939394792309031,0.065966630121693,0.714727725367993,0.905846678419039,0.189378713723272,0.917042729211971,0.762660629115999,0.128366638207808,0.19853898906149,0.669978885678574,0.946402829606086,0.792672285577282,0.66187479509972,0.0768314378801733,0.654302526731044
0.741078648716211,1.06578509662602,0.661152347047933,0.983079438281299,0.946556748822331,0.0460405482444912,0.135504779173061,0.52816575136967,0.566021878505126,0.177598393289372,0.105220099911094,0.10402936860919,0.651633564848453,0.261605151230469,0.413064608583227,0.345473791006953,0.0559837715700269,0.0475011996459216,0.639469825197011,0.612352547002956
0.7323137386702,0.414281996820651,0.989654011215763,0.581717609077864,0.74310650723055,0.534861729713157,0.123599375598133,0.234714680118486,0.0564868177752942,0.115560325561091,0.715545793995261,0.758669548435137,0.799508373253047,0.318762333597988,0.931386237964034,0.405422623036429,0.365029011154547,0.880997015628964,0.847690366907045,0.568944267230108
0.731792511884123,0.60979426897961,0.699062691949942,0.601939063158714,0.0507859203498811,0.44266078225337,0.762543860822916,0.0644316615071148,0.102113745408133,0.156952400226146,0.156366555485874,0.414733785670251,0.240165151190013,0.869576696539298,0.149158932967111,0.536541351582855,0.891417951555923,0.931980005465448,0.561875630170107,0.0236329433973879
0.729309623362496,0.666653396615429,0.946355590743981,0.678460732706566,0.98036478087306,0.906365469563752,0.903465715935454,0.67576349619776,0.328341855900362,0.8574108495377,0.261575721204281,0.22103567654267,0.863995332969353,0.0520885842852294,0.0170216606929898,0.275828687706962,0.519239958608523,0.954913745401427,0.58387052314356,0.883386893197894
0.724498892668635,0.540072939051338,0.870465281723547,0.46522498111276,0.217822452541441,0.881042381748557,0.402659090235829,0.806145361857489,0.990600507240742,0.42486053169705,0.773791367653757,0.00671869982033968,0.47879485716112,0.203910853713751,0.57650084933266,0.405671408865601,0.368640997447073,0.755370357073843,0.939763181842864,0.512261637486517
0.723725946620107,0.672429825028839,0.663890827827556,0.638794528477017,0.0361960020381957,0.163241116330028,0.182563007809222,0.115471235243604,0.714365339372307,0.878341671079397,0.594759070547298,0.0302505425643176,0.32974161580205,0.572258583270013,0.508741041412577,0.435509188333526,0.417562691029161,0.828554753214121,0.304402521578595,0.670730007812381
0.723710946040228,0.30714001859342,0.713727223265665,0.643879800316282,0.2607038654387,0.752190765691921,0.37456521904096,0.692014421336353,0.0789741838816553,0.824826563941315,0.0953767166938633,0.250101836863905,0.995425615925342,0.0369057455100119,0.289366538636386,0.322054158896208,0.0226960622239858,0.483656921889633,0.47445739316754,0.223625832237303
0.717618508264422,0.434187712396983,0.545136447139569,0.729593490069322,0.720415785908699,0.402987202163786,0.506208677310497,0.0217862285207957,0.614216449437663,0.978819616837427,0.158467933768407,0.220494979294017,0.759542214451358,0.018092263257131,0.276402591494843,0.00343568925745785,0.590488560032099,0.725421863608062,0.829457030398771,0.102729415055364
0.715566066093743,0.837722268034692,0.615966446303618,0.851701638965704,0.247894181171432,0.556952693499625,0.9135026789736,0.361376708606258,0.493233672808856,0.634543015854433,0.701090714894235,0.308080991730094,0.471064956625924,0.196549722459167,0.608338379301131,0.972969073802233,0.49303546291776,0.885771847562864,0.15667472477071,0.110473620006815
0.712514678714797,0.760818838297655,0.433331035299521,1.02639903088633,0.234915791545063,0.0801692819222808,0.0766451810486615,0.732280049938709,0.269097654847428,0.691523276036605,0.269182726275176,0.90889258380048,0.257584369974211,0.340977491578087,0.390518135624006,0.112912589916959,0.102907110704109,0.0624301570933312,0.931832061614841,0.375896577723324
0.711743867723271,0.972536832228412,0.626868425901656,0.874005672100668,0.021011842880398,0.116568592377007,0.109745523892343,0.312623041914776,0.293110862839967,0.792183339362964,0.296830063685775,0.93850277364254,0.383511227555573,0.283653292106465,0.290983642218634,0.548572195228189,0.404790387256071,0.902944783912972,0.185956565197557,0.841916731325909
0.711121222469956,0.644215506900039,0.638143756378071,0.456867637387661,0.264620627742261,0.925192561233416,0.754267222480848,0.447153053246439,0.475278300233185,0.0341706455219537,0.562665292294696,0.491904604947194,0.297953611938283,0.186334068421274,0.385935724014416,0.872297380352393,0.0524687760043889,0.0282520765904337,0.292823452502489,0.538620322709903
0.692731556482613,0.615823577384918,0.649115416835595,0.993666733357803,0.691801619483158,0.878844240680337,0.304598775692284,0.825439068023115,0.964078546268865,0.819993681041524,0.345176512375474,0.168020266341045,0.768626284319907,0.204421713249758,0.82154262624681,0.862594560021535,0.0365673368796706,0.321962855290622,0.25639015971683,0.491406876128167
0.687022846657783,0.602789204261524,1.18689320423766,0.848420266865395,0.0346693911124021,0.163207626901567,0.72380965645425,0.331795465201139,0.42363210208714,0.687636162620038,0.996363310841843,0.188894553110003,0.429740472929552,0.231853017117828,0.232980050612241,0.610543699702248,0.231096146861091,0.128149377647787,0.110538738546893,0.987831338075921
0.682788078673184,0.491117032090288,0.711822856640092,0.695703474833702,0.0627861295361072,0.531563901342452,0.232330028899014,0.144025167217478,0.844097095774487,0.431776891928166,0.214889628114179,0.191555221565068,0.655966898193583,0.406101839616895,0.985718144569546,0.00147809600457549,0.979802730260417,0.110141913872212,0.0758171298075467,0.827752581331879
0.668466738192365,0.718289999880948,0.372906049543184,0.937277480299041,0.397706091869622,0.929792168317363,0.393458866979927,0.30092075210996,0.953827351331711,0.243875786894932,0.590747197624296,0.503481938038021,0.242656880989671,0.867169511504471,0.615445851814002,0.324025955284014,0.046293978812173,0.513342239893973,0.0385264467913657,0.146671165479347
0.662005076417699,0.426229202418926,0.84785377377704,0.770384630794588,0.490028424886987,0.325715993763879,0.507879396900535,0.162601796910167,0.28647352475673,0.00814770301803946,0.40899104741402,0.0811121538281441,0.295184599701315,0.275812620762736,0.832475731614977,0.870443280553445,0.131950644310564,0.832293160958216,0.921931521734223,0.181809379486367
0.660797792486846,0.759916449115992,0.603193661433973,0.629984784313573,0.631048747571185,0.160794630879536,0.939916865434498,0.839471578365192,0.54084939789027,0.421106143388897,0.539928927551955,0.794696550583467,0.929919361835346,0.752554503967986,0.236615931149572,0.506834458792582,0.928440445568413,0.445708966813982,0.734411330427974,0.407244702801108
0.654723928077146,0.619183066851899,0.936598419299842,0.538257597727549,0.723404312273487,0.949707917869091,0.0578751706052572,0.664307477185503,0.581378317903727,0.786956907948479,0.809806877514347,0.571347230114043,0.139465735759586,0.340630786726251,0.770901343319565,0.905239950865507,0.0879400612320751,0.755911491811275,0.276294294511899,0.00814834819175303
0.651673766085878,0.806620553229796,0.662427366329904,0.828991492721485,0.0767657924443483,0.462357048643753,0.304765704553574,0.138867305591702,0.256286894436926,0.595592122757807,0.0106531432829797,0.968929607188329,0.482361179543659,0.960103333927691,0.0587735532317311,0.986314764944836,0.942585540469736,0.899729524739087,0.3515303095337,0.786297707818449
0.65087046707049,0.900459742369102,0.972224022741197,0.208639073482681,0.421446080552414,0.220770887332037,0.240924044046551,0.325881813885644,0.878083968302235,0.984963058726862,0.674989556195214,0.87576876883395,0.8017257086467,0.628540931269526,0.514899645932019,0.314687065547332,0.674114161171019,0.308047227328643,0.868423911510035,0.564716395223513
0.647060193819925,0.563816842320434,0.643614769101453,0.616082537601157,0.9737266858574,0.00201923260465264,0.385203435085714,0.831430218880996,0.882302387617528,0.528043455909938,0.880181554006413,0.705853160005063,0.335298122605309,0.845313196536154,0.861012595007196,0.0128363075200468,0.00382873811759055,0.556854023132473,0.770549261942506,0.265264114132151
0.644315762910992,0.558372175776184,0.535787952799079,0.418893073018206,0.813805783400312,0.619192603277043,0.762983355671167,0.822539104381576,0.987334684701636,0.523278417764232,0.408088765805587,0.115354677662253,0.547300927806646,0.122283626580611,0.985402142396197,0.411044480744749,0.849251258186996,0.999194678850472,0.991439095698297,0.827212975826114
0.642795492196456,0.633490447264582,1.03853402414448,0.238772084997096,0.223767722956836,0.40250592213124,0.864646998699754,0.149399920366704,0.101620901143178,0.786444804864004,0.894052134593949,0.160992347402498,0.0506137637421489,0.555707331513986,0.396762260701507,0.774080925853923,0.515590843511745,0.202094245236367,0.977680684765801,0.324715558206663
0.642288258532062,0.510569950413135,0.36906572948577,0.68681365921235,0.489742305828258,0.900032610632479,0.679111215053126,0.421279689529911,0.618775002192706,0.0877224092837423,0.807851313846186,0.335154334548861,0.685184835223481,0.776425802847371,0.468283585039899,0.952318837866187,0.422349815256894,0.00539996149018407,0.343368733068928,0.994529931340367
0.640101045137271,0.96061786049067,0.725080317431336,0.614520420713557,0.0113401929847896,0.505881984485313,0.676762705435976,0.445182651514187,0.70473376987502,0.256111980648711,0.0522684226743877,0.988609185442328,0.526016568532214,0.259379373397678,0.420655518304557,0.726365774637088,0.859611756866798,0.30408637248911,0.89329923922196,0.239496344001964
0.633493264438584,0.620758854687636,0.438231460142603,0.228684236683874,0.258602296933532,0.726487081032246,0.165052519412711,0.883927375776693,0.148588430834934,0.35660412022844,0.951139469398186,0.914078942500055,0.3854014640674,0.498980368953198,0.915634844917804,0.51643915916793,0.589908806141466,0.496753414859995,0.644349195063114,0.812511944910511
0.630414122482762,0.804179649305629,0.869008459259299,0.574478346646115,0.454598771873862,0.027486614882946,0.802867429330945,0.414997326675802,0.890810591634363,0.24905545799993,0.498940351651981,0.535097180167213,0.21807816834189,0.58441674686037,0.482314377091825,0.733954830560833,0.0638678425457329,0.0283771625254303,0.294057350140065,0.0366195442620665
0.62911404389888,0.704789140003979,0.71730596994777,0.713240175895005,0.740976688219234,0.379413213115185,0.711993431439623,0.689892161870375,0.162670300109312,0.175018487730995,0.497459183679894,0.246893692528829,0.0492560362908989,0.484753041295335,0.942408323055133,0.850405663717538,0.135187422623858,0.872602669754997,0.282546579372138,0.855527029372752
0.614644971676171,0.897782605416658,0.528825459778193,0.743221959051743,0.990660011768341,0.386744662187994,0.928703089011833,0.71692087710835,0.121866469504312,0.572922080755234,0.201222010422498,0.922346818028018,0.338603851385415,0.608539856038988,0.124178858473897,0.818386216182262,0.411114768125117,0.934078645659611,0.0551484022289515,0.00116199813783169
0.605303446529433,0.563498095213675,0.529770593309143,0.664179723068285,0.332204946083948,0.337820725282654,0.00749460491351783,0.0123791699297726,0.977556857280433,0.483393148286268,0.680997319286689,0.75348961702548,0.52754284045659,0.0208632645662874,0.563707939581946,0.721614006441087,0.830281275790185,0.930875941179693,0.998245501425117,0.269030461087823
0.604933290276676,0.0693243718067512,0.782673301829542,0.748761636766767,0.944791405461729,0.364431851310655,0.596331653418019,0.0378294484689832,0.6271102654282,0.809948969166726,0.547304183710366,0.903507313458249,0.360099533572793,0.38279984309338,0.731236714404076,0.441471767378971,0.387132702860981,0.0465287743136287,0.960609719855711,0.461208982625976
0.601541217649356,0.723377311840593,0.388539995420465,0.640042157513019,0.961853419896215,0.638755969703197,0.366745680803433,0.0908774142153561,0.0191994300112128,0.75051523395814,0.60957774030976,0.651548156049103,0.991589037002996,0.381619910942391,0.000570522155612707,0.437110368395224,0.622795259347185,0.835429355502129,0.140312851639464,0.637901386246085
0.599565825425088,0.392837789988611,0.444111585956149,0.673053752616372,0.899277499644086,0.0329143274575472,0.741967155365273,0.398823967436329,0.829164144583046,0.347443797625601,0.308182996464893,0.02077916264534,0.04635811294429,0.0674072960391641,0.628355585271493,0.835935265058652,0.6052724448964,0.835889535723254,0.956602332415059,0.0973528381437063
0.59876096714288,0.698239266426369,0.680333493963662,0.57608118280227,0.492715835105628,0.69619258842431,0.762087390525267,0.900214575929567,0.998877475271001,0.806874484289438,0.164061164716259,0.0958790276199579,0.0719018939416856,0.289226401364431,0.370726245688275,0.385110654402524,0.540227035991848,0.558966832933947,0.880699609406292,0.317276554880664
0.598092422354966,0.403313955048365,0.748146757051265,0.390773699246385,0.784935477888212,0.815564174670726,0.260722959181294,0.444902628427371,0.868095516227186,0.25176422810182,0.847399726277217,0.949586964212358,0.676367230480537,0.764742906205356,0.0857618749141693,0.674415432615206,0.584369491320103,0.881150518311188,0.232670544181019,0.575807736022398
0.595711996313184,0.576817614746363,0.252711361798255,0.646230229013117,0.803119047079235,0.507422853494063,0.254935881355777,0.75515309209004,0.39691107487306,0.592963553965092,0.177070725010708,0.888176588574424,0.162359612528235,0.801584762288257,0.676196757005528,0.0778185459785163,0.772804728941992,0.784917331300676,0.807741238968447,0.663508058292791
0.59057315881364,0.479777820022718,0.629024096187222,0.775082243331839,0.677767623681575,0.112592625897378,0.678840809967369,0.711470239562914,0.936241782503203,0.156215733382851,0.586210725829005,0.45623399131,0.580373792676255,0.204031246481463,0.609157745726407,0.828976714517921,0.698219556594267,0.904405734501779,0.927309012506157,0.791351313237101
0.57487219828181,0.525720283120374,0.342525550699613,1.02985938739365,0.581277578603476,0.906323301140219,0.485480662435293,0.166756350314245,0.324772896012291,0.175159651553258,0.972556549590081,0.786743860924616,0.0907658538781106,0.917860072338954,0.0960991012398154,0.0162454729434103,0.841093179536983,0.711434805998579,0.82411622419022,0.118293810170144
0.572853363351896,0.441896241590465,0.444487630457864,0.484565629710136,0.330668087350205,0.413338953163475,0.378584530204535,0.869142389157787,0.972447561565787,0.226377300918102,0.534099313896149,0.201026756782085,0.65609916113317,0.102161068003625,0.39890470681712,0.112693230854347,0.977512172423303,0.575503982836381,0.852797179482877,0.231169059406966
0.560900748008862,0.364139699466067,0.823388585483954,0.563251154541961,0.00131465657614172,0.473755787825212,0.0555479826871306,0.0891845354344696,0.562598453834653,0.791963252006099,0.810916254529729,0.312703200615942,0.357506583211944,0.890884600812569,0.0983217679895461,0.491024512797594,0.231927045853809,0.48907258710824,0.847243185853586,0.350582031533122
0.557159538846463,0.596441030980888,0.757467557728064,0.131760922992419,0.0658019641414285,0.713714180048555,0.899025898426771,0.16301366337575,0.579329037806019,0.388376479735598,0.650906511116773,0.529761809390038,0.234025480225682,0.513431229395792,0.794567694189027,0.682987052714452,0.857306067366153,0.204282114747912,0.787992113037035,0.458335949108005
0.553036311641335,0.309731049194446,0.514330743636103,0.394613398461245,0.0859519173391163,0.241871210513636,0.801723313750699,0.849353688303381,0.824690353590995,0.911222032504156,0.77098110713996,0.182999437209219,0.916430335957557,0.132781761698425,0.817632554331794,0.606331759365276,0.684704520739615,0.190222956705838,0.730053582461551,0.0721909771673381
0.547646587016061,0.490638014132191,0.361011223044541,0.805410203697615,0.0131097168195993,0.299640627577901,0.481013050070032,0.628130341181532,0.198444477515295,0.1218470511958,0.0345583152957261,0.532405641162768,0.0305550002958626,0.337982318364084,0.405014413874596,0.897259657969698,0.300191494869068,0.838384618517011,0.286808314500377,0.243369071977213
0.529719580197707,0.469650367234725,0.591785469209127,0.478852274518909,0.335745624266565,0.704478821484372,0.0321287591941655,0.208459950983524,0.618989635026082,0.987835156964138,0.558660281123593,0.348113585729152,0.439074041554704,0.213000355288386,0.0025872802361846,0.307492890860885,0.161221431568265,0.88805390545167,0.728469291003421,0.518254502210766
0.529630602803081,0.401906502679561,0.846294945520393,0.643407749928801,0.119264316512272,0.771674948045984,0.51200681226328,0.672860826831311,0.224564614938572,0.75528792059049,0.120087367016822,0.51024816185236,0.973690321203321,0.82870218413882,0.60858040349558,0.542465554783121,0.767234371043742,0.567778263706714,0.547037804732099,0.501254438888282
0.526027723914012,0.874597303127859,0.707257558889323,0.659517789949566,0.593595445388928,0.0138403405435383,0.373101272154599,0.964205690892413,0.0252237301319838,0.310775833902881,0.686299628112465,0.792195686371997,0.399140807567164,0.464334379183128,0.592336924979463,0.735916769597679,0.987111633410677,0.362700476078317,0.185957584530115,0.674529788084328
0.518634263193235,0.144754144062351,0.598862829384534,0.328709404828542,0.0373126757331192,0.551313953474164,0.498571684816852,0.88173885201104,0.756505124736577,0.0198653580155224,0.914125661132857,0.441210551187396,0.919769865693524,0.33625348075293,0.910157452803105,0.156152101000771,0.858097431482747,0.231114051071927,0.353126357542351,0.199540129397064
0.511169783771038,0.517406682150854,0.526309272076798,0.514271518244842,0.00957179185934365,0.652461190475151,0.399265736807138,0.961764686973765,0.638156944653019,0.682283061323687,0.560349760344252,0.286292243981734,0.0987638756632805,0.144650358706713,0.393951011588797,0.682451540837064,0.676069807494059,0.384228762472048,0.674378331983462,0.522952783387154
0.507641822332516,0.265818996421274,0.719539655957019,0.554148303107889,0.161596125923097,0.931660708039999,0.0209469445981085,0.464693185640499,0.0578689130488783,0.438736066687852,0.575576044851914,0.933560322737321,0.320667010033503,0.868071043165401,0.964200276881456,0.880779490340501,0.811714572599158,0.572439994895831,0.820698642637581,0.246978639159352
0.503339485730976,0.326109568658512,0.235129296143425,0.686727093193201,0.831898988224566,0.690391705138609,0.524289028486237,0.0728773572482169,0.673797813244164,0.883700705366209,0.51675015501678,0.0304510646965355,0.526019062381238,0.0543226287700236,0.255093980347738,0.366680132923648,0.485714763170108,0.599919136846438,0.353937219595537,0.2615110501647
0.500440972624347,0.115989993370246,0.491299527337894,0.662295588013116,0.766842754324898,0.253767139045522,0.1603988497518,0.874308753525838,0.691544770728797,0.0742437855806202,0.658048582263291,0.848985600750893,0.0733354249969125,0.613883084617555,0.140771795995533,0.0330144132021815,0.460572879295796,0.794454609276727,0.415153437526897,0.801221817964688
0.497699242085218,0.821639390897884,0.935297465224242,0.355374786349724,0.272780316416174,0.411038370104507,0.205114235170186,0.198872806271538,0.745228959713131,0.45366955595091,0.588396580191329,0.443182719638571,0.849741751793772,0.785630304832011,0.525254423962906,0.519780053058639,0.311910333810374,0.504586929921061,0.997745630564168,0.405676354188472
0.495593577856198,0.599447558789075,0.780012736961326,-0.0423234579511081,0.188163298880681,0.122891113162041,0.975226715672761,0.53458975860849,0.124061870621517,0.888036270625889,0.0799245799425989,0.632075233384967,0.423058009007946,0.579446654533967,0.454066655598581,0.112714397488162,0.0205816389061511,0.54015195555985,0.868331929203123,0.266299674520269
0.493541307048872,0.482371320682068,0.53019071134417,0.380131901968344,0.225761834764853,0.13196655572392,0.966354875126854,0.105562190990895,0.15117178671062,0.700159241678193,0.156136253383011,0.779914357000962,0.988096073037013,0.527169481385499,0.521722374018282,0.902385278139263,0.412714944686741,0.0240896218456328,0.7680357710924,0.0502015422098339
0.484349524369463,0.623633046393166,0.353762956693271,0.744189290881105,0.0619703675620258,0.640118008246645,0.760070322314277,0.383995017269626,0.177430625306442,0.304615611210465,0.985081367427483,0.280473912833259,0.478874128777534,0.410513413604349,0.0856974001508206,0.219971668673679,0.979999884497374,0.777229169383645,0.506533620646223,0.811852451646701
0.482080115471035,0.492783251236878,0.890591978691879,0.444021806560072,0.0599002409726381,0.346423432230949,0.0763705321587622,0.747705924557522,0.00886946776881814,0.584890802390873,0.991829797392711,0.123204056639224,0.905694005545229,0.730523158563301,0.597549495054409,0.62347650132142,0.135402775136754,0.334934893762693,0.79969125520438,0.411933311028406
0.478545248275623,0.216488548837008,0.431647009307548,0.350935581537468,0.148155870381743,0.422756604617462,0.515823876019567,0.695790997939184,0.633788643172011,0.870453770039603,0.2947561906185,0.893433186924085,0.0185059309005737,0.883600060595199,0.683515642071143,0.363139717373997,0.730675936909392,0.468478092225268,0.126471027033404,0.589451455278322
0.478118034312502,0.0535048226929005,0.299833080995243,0.0710412579873436,0.0729878859128803,0.939408880425617,0.600305194500834,0.0983917720150203,0.372750885086134,0.44652355927974,0.788712464505807,0.405973301967606,0.192143822088838,0.114475055364892,0.54935643542558,0.788599854335189,0.525304057169706,0.729831201722845,0.0132211919408292,0.0379020404070616
0.477619622135535,0.436003904334004,0.206125561031152,0.356745151046118,0.042885891860351,0.383889230899513,0.437024090904742,0.611531793372706,0.277720049023628,0.33737303968519,0.686831065220758,0.755108230514452,0.384307020576671,0.324147744104266,0.62022546841763,0.953639274695888,0.961599416332319,0.744718985864893,0.857732499018312,0.287367034470662
0.477230065036565,0.414672749132494,0.360424467425663,0.315597687221297,0.522461272310466,0.228585131000727,0.00164226116612554,0.0209252538625151,0.172508500749245,0.566908608656377,0.400826663477346,0.110817262437195,0.307436424074695,0.366757013369352,0.296236180700362,0.686537295812741,0.720230341888964,0.890803800430149,0.092177655082196,0.493830243125558
0.476351245073602,0.264704103137355,0.809970268466249,0.3549954093759,0.789231489412487,0.69027868588455,0.435551518108696,0.649712249170989,0.203711141366512,0.415764981647953,0.396841136040166,0.338309313636273,0.528291253373027,0.253948567667976,0.284499722765759,0.0109916639048606,0.910616386216134,0.300632366910577,0.627211139071733,0.291815681150183
0.459065726259723,0.542510445373015,0.676214397429798,0.476447490360799,0.69475334812887,0.00985791743732989,0.500963768921793,0.978378070285544,0.221870881738141,0.83266066480428,0.887413940625265,0.54649319103919,0.72822568169795,0.120749427936971,0.601982762338594,0.957786793354899,0.303850163239986,0.101898519555107,0.164368582423776,0.960031080758199
0.455274453619495,0.392184146776325,0.566780119343236,0.408415047740056,0.06657604733482,0.686130894348025,0.669604706112295,0.842504459200427,0.253431504592299,0.153707588091493,0.82207809551619,0.312132046790794,0.953556534368545,0.582967506255955,0.167672119801864,0.49810330895707,0.628667964134365,0.190689533017576,0.256299218395725,0.629487839993089
0.453895489219576,0.619005316035974,0.126528925487544,0.706400868355281,0.0179577465169132,0.791674596024677,0.694857106776908,0.842785842018202,0.170097689377144,0.658649043180048,0.2652450397145,0.447294557001442,0.495994127122685,0.2034348747693,0.917387138586491,0.540793451713398,0.208237442653626,0.257666680263355,0.278576380573213,0.759347913088277
0.453131445450708,0.711385852966343,0.398823839524285,0.140371827117347,0.442158423364162,0.507493488723412,0.782510314369574,0.387452162569389,0.921676764031872,0.00102681899443269,0.181170874042436,0.404281071387231,0.132017247145995,0.579752318561077,0.990910422988236,0.059833055594936,0.850498702842742,0.272624538047239,0.217877135844901,0.225582466460764
0.452570831403136,0.32754983581986,0.670930542184957,0.153876526846441,0.157602083170786,0.308076248969883,0.139022845542058,0.79307110211812,0.345313458470628,0.320450928527862,0.956474067410454,0.486564260907471,0.608468755614012,0.590647940291092,0.747668364550918,0.161126879742369,0.0516226533800364,0.00727951503358781,0.285013138549402,0.930699282558635
0.446284348610789,0.271254997700941,0.383533696568182,0.226857384220423,0.718860115855932,0.737212277250364,0.163245677249506,0.406196559080854,0.0851092091761529,0.950132880592719,0.837399842217565,0.439168035285547,0.991868579527363,0.977186663541943,0.492538609309122,0.757993698818609,0.763275923440233,0.91790635837242,0.170079083181918,0.87801841692999
0.4462353233248,0.474906711886411,0.309830543884278,0.440413973747998,0.703941832529381,0.304715243401006,0.759542910149321,0.253348905127496,0.377817805157974,0.0125525095500052,0.346652631880715,0.26686362712644,0.0947096680756658,0.207538184709847,0.932809803402051,0.322599776089191,0.715289933141321,0.84050816623494,0.740095858229324,0.911954281385988
0.438097107224166,0.723135033875719,0.448513244521563,0.872834091137024,0.885226304875687,0.774708701763302,0.443703617434949,0.419303989037871,0.54334351955913,0.0790907654445618,0.842086441814899,0.651877836557105,0.895283457124606,0.242746019270271,0.617038996191695,0.618448045104742,0.767757193185389,0.377059336286038,0.490103221265599,0.390361216617748
0.434659484773874,0.0877095995677941,0.292800191205957,0.708616894521033,0.325261015212163,0.112113637849689,0.629668830428272,0.495499532902613,0.787010926054791,0.213288370519876,0.0101301828399301,0.239049473078921,0.334860897623003,0.160246446263045,0.391704063396901,0.593928179237992,0.63072845665738,0.502039992250502,0.406209272332489,0.370715910103172
0.431473690550774,0.263992761146289,0.360532027681509,0.355797558253079,0.970881566638127,0.797743699979037,0.104512860300019,0.858245956944302,0.320313527714461,0.994843258988112,0.21454192395322,0.813315622741356,0.472178465919569,0.789168701507151,0.196377992630005,0.0481248337309808,0.816523539600894,0.332168674794957,0.885154942283407,0.292225106153637
0.413124209502712,0.269973686424724,0.892130877861934,0.257375234237371,0.984820266254246,0.491001167334616,0.835548897273839,0.732264853548259,0.838038518326357,0.49203958758153,0.913734979229048,0.808244503336027,0.177117969840765,0.0957476415205747,0.720078877871856,0.39381199865602,0.416317786788568,0.785535226110369,0.382631018292159,0.641883824951947
0.411274429643527,0.486238621252059,0.521476417008059,0.664091495478789,0.0391847176942974,0.832918174797669,0.333949361927807,0.97442849050276,0.998470485210419,0.627634118078277,0.0486553451046348,0.589044747874141,0.351655028294772,0.456290248548612,0.934172073379159,0.311598118860275,0.937721627065912,0.781624939991161,0.762672175886109,0.389997333055362
0.410084082046524,0.886749674440467,0.659841261078907,0.471686705454876,0.893571288092062,0.758423154940829,0.199519188608974,0.100054909707978,0.213442992419004,0.00596133503131568,0.87123094429262,0.541866859653965,0.176559115527198,0.0757544871885329,0.692643887130544,0.432680421741679,0.290783272590488,0.286652230657637,0.882890816545114,0.0338000932242721
0.406830187188461,0.314047594876097,0.416724217677615,0.323129849283782,0.82239915127866,0.902146560838446,0.694545476464555,0.832590837031603,0.437296491349116,0.285853998735547,0.65578800602816,0.0465476112440228,0.653045778162777,0.937549793161452,0.888580930186436,0.359491006471217,0.114016148028895,0.387615817133337,0.331475715618581,0.58398018614389
0.399994368897751,0.314694288474027,0.308884605843664,0.392465782982486,0.724244692828506,0.278440013062209,0.165878762723878,0.450554177863523,0.378729996271431,0.986480417195708,0.219371878309175,0.425855690613389,0.236101077171043,0.194110536715016,0.22866586712189,0.746932842768729,0.601935896556824,0.584658698644489,0.0174748271238059,0.814279590034857
0.39135928102769,0.0507402381480486,0.522937161433167,0.628818994302711,0.288920137798414,0.445692849811167,0.0739639038220048,0.85045913583599,0.965576708549634,0.757692324928939,0.00943714333698153,0.640639821300283,0.897164004389197,0.71457881340757,0.546568950172514,0.952456215396523,0.0253674585837871,0.994150223443285,0.781025369884446,0.572280898224562
0.389989543473348,0.181690072267378,0.0928960609963193,0.368858004704367,0.501948604593053,0.272015735739842,0.0382361884694546,0.569751543691382,0.641116502229124,0.0682749908883125,0.0792144953738898,0.000656347954645753,0.339147608028725,0.95579069154337,0.206999191548675,0.219007093459368,0.0845331076998264,0.835735885892063,0.470790860708803,0.236031974665821
0.388905099825934,0.54265209222838,0.682742009616208,0.429393430285773,0.428347001317888,0.329918325645849,0.846020216587931,0.961542513919994,0.806135333841667,0.810763978632167,0.767450851621106,0.866388360504061,0.92379611171782,0.741858070949093,0.537049781996757,0.826737035065889,0.333610649453476,0.726855342742056,0.0503344901371747,0.113631349755451
0.386114092543721,0.237050017056449,0.341761859322887,0.542195787399216,0.610016016056761,0.863600653829053,0.373548197327182,0.954750733915716,0.919062188826501,0.122871407074854,0.0332878560293466,0.101045170566067,0.497738852631301,0.256030270131305,0.969277777243406,0.0274756415747106,0.0704086690675467,0.407429949846119,0.806041994364932,0.826521859038621
0.384103718213737,0.286809419112177,-0.22035692451734,0.275675242307191,0.926113174064085,0.109857953386381,0.880710697267205,0.283779508899897,0.0586224480066448,0.409918360644951,0.774952064268291,0.0957397413440049,0.569841379532591,0.612532270140946,0.803233906626701,0.947684550657868,0.705079847713932,0.95852635265328,0.749882015865296,0.939973018830642
0.382387957070023,0.311780068102289,0.20856884915282,-0.0229184722289748,0.240123257739469,0.402256899746135,0.090317772468552,0.739606497809291,0.477642855606973,0.927543645258993,0.393959630047902,0.777240371098742,0.736779738916084,0.132818012498319,0.204046824015677,0.978273666463792,0.0741995039861649,0.80196490092203,0.858747134683654,0.0306616220623255
0.380493885604665,0.368033780724896,0.297715574617714,0.376159486868507,0.271881833905354,0.406075093662366,0.495907411212102,0.0707425756845623,0.696882788324729,0.554208239307627,0.784817258594558,0.0295114114414901,0.214827520074323,0.18019323493354,0.400646861409768,0.813566470053047,0.325013779336587,0.704851950518787,0.915809215046465,0.0411253825295717
0.380035179434344,0.703958201346261,0.777878832425492,0.624491700622405,0.735003646463156,0.436479254858568,0.754322736058384,0.900119546800852,0.0446715094149113,0.0142666143365204,0.0333322957158089,0.342071880353615,0.305312757613137,0.0799355178605765,0.829124875832349,0.668295187875628,0.358941920800135,0.743434723000973,0.418453009799123,0.874309754930437
0.37212389963679,0.621366180888069,0.356325946134635,0.337387573259873,0.751545873004943,0.177000096300617,0.605890813050792,0.13342057261616,0.756854316918179,0.967365281190723,0.366151578025892,0.786315873963758,0.863499861210585,0.271181135671213,0.441127017373219,0.297704186756164,0.388332616537809,0.0411616840865463,0.848111724015325,0.352220267057419
0.356726912083104,0.758444903230957,0.0599611227177788,0.489529550428556,0.930591920856386,0.265730200102553,0.52841279655695,0.555886077694595,0.591673724818975,0.770065532531589,0.207688439870253,0.113462525652722,0.195720054209232,0.440128399757668,0.395053243497387,0.85317975259386,0.785443371161819,0.0558531857095659,0.332284449134022,0.307485260767862
0.353197271935642,-0.0176866306291732,0.295823061672852,0.243629632353083,0.462730274768546,0.659550013486296,0.91020668274723,0.600408032536507,0.510140463011339,0.0799524132162333,0.965912537649274,0.350252757081762,0.850945501588285,0.711458232719451,0.0308886922430247,0.846250320551917,0.60434823972173,0.896790414117277,0.145493195159361,0.87118188617751
0.34668348915875,0.254140612660854,0.166478735355381,0.163195088070361,0.860691176727414,0.816055504838005,0.98572890390642,0.132961038965732,0.452601766446605,0.365419848356396,0.564966007368639,0.330213881796226,0.946970957797021,0.346787970978767,0.13586610625498,0.377476619090885,0.762589753139764,0.621500158915296,0.427703554742038,0.923051160294563
0.34034899668768,0.548969763353138,0.0255455742084802,0.427770147294291,0.312036419520155,0.421184344682842,0.279742561979219,0.509312337264419,0.0254819660913199,0.480426545254886,0.441115951864049,0.696676669642329,0.274561112048104,0.150468136416748,0.677184424130246,0.867635844741017,0.235860442742705,0.71561091253534,0.289761925814673,0.490252809599042
0.339072937844321,0.278305433569961,0.205409951539607,0.262079225534006,0.208039013436064,0.160064304247499,0.123491694685072,0.36704990756698,0.961843609344214,0.675760691985488,0.803868116578087,0.353614302352071,0.839856049511582,0.599506254540756,0.0624880669638515,0.537293540546671,0.285984676796943,0.00645972532220185,0.333205586997792,0.492284960579127
0.337615333497524,0.401231473505122,-0.033617569318128,0.506090394253156,0.920827467227355,0.288610127288848,0.17437904397957,0.00330454739741981,0.987627439666539,0.786447250749916,0.165633277501911,0.40617906791158,0.143855765694752,0.890618327539414,0.99753821385093,0.577537083765492,0.317556669004261,0.150810371153057,0.389244145480916,0.185023497324437
0.335487491684034,0.205737689993871,0.872272075289619,0.526090752695311,0.0527368842158467,0.802129008341581,0.881335254758596,0.0479798603337258,0.634359558112919,0.810058057308197,0.20611856225878,0.308029898675159,0.757050371263176,0.388700943207368,0.113849017070606,0.0156519564334303,0.921906708274037,0.390337652293965,0.335560646606609,0.261712845647708
0.333774930797517,-0.0400059379084441,0.389424277914965,0.251648567646839,0.411155431065708,0.164245681837201,0.124628272140399,0.882048450177535,0.425541346892715,0.078677503624931,0.348586677573621,0.959202934522182,0.446126565570012,0.0981341134756804,0.625332500552759,0.911262489156798,0.450436822371557,0.714161876123399,0.109029030194506,0.348247224697843
0.332394674187526,0.090995358458434,0.457408597523973,0.352556329540167,0.456341215176508,0.789792735129595,0.298968904651701,0.823517040116712,0.266625905176625,0.168914441019297,0.450814907671884,0.690268852747977,0.955431776354089,0.807211842387915,0.025586555711925,0.639825749909505,0.125947901280597,0.290325599722564,0.0878969558980316,0.690853481413797
0.328777319053188,0.708228930584497,0.0984908186361211,0.512928457689996,0.415860247565433,0.524214969947934,0.164734639925882,0.413030900992453,0.0805694879963994,0.0367327940184623,0.103176732780412,0.885739511344582,0.635325060458854,0.118084280984476,0.0687424391508102,0.554048931924626,0.143986092181876,0.837331550894305,0.904485720908269,0.140372309833765
0.325352151878178,0.273035039984828,0.584485613363206,0.617271194856522,0.670353451743722,0.320035002660006,0.0726095444988459,0.921733218012378,0.330141563434154,0.240142308874056,0.600618461845443,0.935855139512569,0.164100986905396,0.764265555189922,0.188337299507111,0.680059362435713,0.311070655006915,0.809496423229575,0.422072264598683,0.476776043185964
0.317963684443384,0.675560027670833,0.422389379121227,0.238595177610142,0.756904080044478,0.275177087867633,0.238413982093334,0.477402933407575,0.894050102913752,0.912195181939751,0.100577907869592,0.744079901603982,0.406969435280189,0.126254325965419,0.800191444111988,0.939961823867634,0.975288923131302,0.181867694249377,0.0308967877645046,0.832619810011238
0.31627170718275,0.48973181029827,0.128546407099473,0.219654941427269,0.911651314469054,0.8018980382476,0.716666605323553,0.474994423566386,0.306675198487937,0.00136347976513207,0.957186109153554,0.838446156820282,0.979760026792064,0.854531788034365,0.83482421701774,0.182285688119009,0.231763273710385,0.615423773881048,0.592552592745051,0.265586382243782
0.293730155099183,0.434246342680023,0.272182582644454,0.230486328635974,0.819952085847035,0.104024431202561,0.645020991796628,0.657836067024618,0.40242384118028,0.227300448110327,0.580974439391866,0.799356783507392,0.146939058788121,0.536768707213923,0.724687710637227,0.444765886291862,0.0382028366439044,0.098172070691362,0.440376072656363,0.775234733475372
0.293603372760117,0.618309820669921,0.213677071091839,0.535604162325205,0.0936498525552452,0.838122266577557,0.0758749665692449,0.163320453837514,0.573791397502646,0.168262931751087,0.168894380098209,0.893640292342752,0.889985184883699,0.596191750140861,0.280629894929007,0.298281367635354,0.563256986206397,0.27517956495285,0.288693242240697,0.185494924196973
0.284790480975062,-0.033241260874487,0.542130753520624,0.134194351382726,0.177906081313267,0.0792628736235201,0.172708922065794,0.0951943711843342,0.596988384379074,0.149762514978647,0.518571133259684,0.831137002911419,0.196703487541527,0.863054233137518,0.642902703024447,0.451972152572125,0.818462958559394,0.780145775992423,0.427234515780583,0.390233527868986
0.283232500310987,0.161234257406474,0.250502680376806,0.153379051585578,0.6422145802062,0.717564067104831,0.145670357858762,0.861514792311937,0.570017137564719,0.648097161203623,0.0543228397145867,0.370750101283193,0.620587071869522,0.867438183631748,0.95878588128835,0.910457347054034,0.0399563447572291,0.437542198225856,0.132784375688061,0.992025062208995
0.277755932649598,0.21509970590253,0.494801900031082,0.226907041993668,0.874282993841916,0.864617826649919,0.391901184339076,0.239879169734195,0.218071287963539,0.485572549281642,0.181874627713114,0.871979765826836,0.792540993075818,0.0590932832565159,0.537109044613317,0.774058116134256,0.0301193404011428,0.221972281346098,0.468888859497383,0.146795924985781
0.270260145887733,0.0858341922704358,0.416226534942645,0.0109862343318575,0.592313350411132,0.97855820809491,0.231745099416003,0.555404131999239,0.820126744452864,0.693244319409132,0.0324744703248143,0.8007615969982,0.73379553668201,0.469489691546187,0.431453318335116,0.68062029290013,0.88195783784613,0.573065859032795,0.0514836322981864,0.171145766507834
0.267220668727532,0.215924547136264,0.207385549934981,0.182289250584442,0.262432192219421,0.249126207549125,0.561379822902381,0.849406595109031,0.0366557808592916,0.289669456658885,0.413448404753581,0.177284543635324,0.751720339525491,0.342481704195961,0.724118740065023,0.62978654447943,0.096223073778674,0.780486597446725,0.483534810133278,0.132664274657145
0.2655086631421,-0.151062264304708,0.255524940367537,0.185677517418154,0.883752264082432,0.0248606903478503,0.583520186599344,0.349647580645978,0.625582814915106,0.978671659715474,0.710804731585085,0.163277692859992,0.524456359213218,0.824570669326931,0.174124128883705,0.400093509349972,0.886290009133518,0.155522431246936,0.3490731860511,0.71197082917206
0.258165926672518,-0.025264869194921,0.0856838655476649,0.270140908477417,0.187689346261322,0.22297823196277,0.098759338259697,0.975738595239818,0.433478938182816,0.288126329425722,0.43829421675764,0.944489105371758,0.629951623501256,0.529290451202542,0.320324381114915,0.0545396546367556,0.879959146259353,0.847129767062142,0.877943760482594,0.911851749988273
0.258016780717298,0.380172982658247,0.158417160927173,0.394152353589259,0.488866982283071,0.122025499586016,0.15891654137522,0.869405530160293,0.35692613851279,0.525764521211386,0.476030350895599,0.444637601496652,0.455877244705334,0.437235599849373,0.387977738399059,0.643974790116772,0.835876102093607,0.248301811050624,0.957522455370054,0.416281843557954
0.245488513959572,0.29379267354243,-0.0336951294557039,0.559372866131108,0.0098204871173948,0.385239424882457,0.922065404010937,0.754124050959945,0.773667640052736,0.0778222696390003,0.379704721504822,0.0783925901632756,0.254004830028862,0.0564257903024554,0.0544939073733985,0.219813041388988,0.557243729010224,0.802099082618952,0.327358053298667,0.784835475031286
0.244797277031466,0.505590241536607,0.159921835209851,0.407059081408863,0.360434043221176,0.0843304744921625,0.859449719078839,0.223673420026898,0.173452047863975,0.678553835256025,0.779968342510983,0.985571624245495,0.0574859934858978,0.247774575836957,0.277924564434215,0.0890372835565358,0.467326634097844,0.10699037485756,0.288251393241808,0.154373486759141
0.239629415096715,0.172723699526799,0.16665194900483,-0.0146241699855797,0.442161690909415,0.28258189978078,0.907198753440753,0.769816465443,0.493208973202854,0.181949716527015,0.961577203124762,0.0158382183872163,0.435303197940812,0.39808634808287,0.7154537870083,0.130751208867878,0.764113968936726,0.579044283600524,0.974585211602971,0.0122919178102165
0.238868677755818,0.161960698658123,0.195252538108799,0.539803854631008,0.125729221384972,0.566582458792254,0.115268956404179,0.874713584315032,0.737188908504322,0.529804455116391,0.443998414091766,0.494882507016882,0.771134980488569,0.111213281052187,0.328546082368121,0.879388509085402,0.876213284675032,0.0623896184843034,0.262172886403278,0.0822354448027909
0.228658142732456,0.144424500336197,0.728528500312339,0.390055562940068,0.6243645476643,0.328542302362621,0.0355392340570688,0.0437931080814451,0.511001022765413,0.801678828895092,0.276576519012451,0.426626244327053,0.129155446076766,0.421622570138425,0.601455149007961,0.652040252229199,0.701952431350946,0.0907182868104428,0.806365065742284,0.519093003123999
0.213208135217428,0.0215370886345324,0.242242913184337,0.226123531377946,0.302431331714615,0.943474682746455,0.585754387546331,0.199760707095265,0.475086916005239,0.313187195919454,0.652874941704795,0.380065433681011,0.983916262863204,0.23918923176825,0.523920817300677,0.0281480583362281,0.68679866543971,0.299951496301219,0.997293636668473,0.068292502546683
0.212699519237503,0.262522780926087,-0.0828611694116771,0.48151026134418,0.239637228194624,0.377303513931111,0.314168264856562,0.853742358274758,0.587899940554053,0.691273411735892,0.754724035272375,0.736944383243099,0.814176932908595,0.850532291689888,0.860549127915874,0.131063067819923,0.636870401678607,0.640830152668059,0.858123119222,0.810592334251851
0.212142521282658,-0.0236333527161158,0.397991218641998,0.320522075659546,0.358629763592035,0.953315612394363,0.556889274157584,0.652254128362983,0.572537379339337,0.773044522618875,0.588706381851807,0.279538352275267,0.981680901022628,0.227025169879198,0.532769263954833,0.157595142023638,0.831182508030906,0.492609065724537,0.0251586968079209,0.0798554408829659
0.207545113284141,0.306663769913287,0.149940982231268,0.176732105110867,0.89291041251272,0.273252867627889,0.354495415464044,0.869332019239664,0.654917740728706,0.261793632525951,0.36689807055518,0.656283871969208,0.0363396902102977,0.747712324839085,0.111421905225143,0.473476128652692,0.36510155024007,0.555314179975539,0.0389354524668306,0.154718979028985
0.205974574899301,0.170433713674054,0.487849066121996,0.0895082445497038,0.990627265069634,0.687330156099051,0.143268311629072,0.813636587467045,0.865125555777922,0.678760153008625,0.509391026105732,0.779726102715358,0.567414059303701,0.717718615429476,0.775893481913954,0.750697880750522,0.570556978695095,0.0584233943372965,0.55666848202236,0.0672961501404643
0.202692255144939,0.357639042288856,0.213445855388965,0.380009981780546,0.732421197462827,0.136991804465652,0.567135462770239,0.36144763790071,0.396846375893801,0.992143295938149,0.144229113589972,0.722052505705506,0.401718270266429,0.0951648713089526,0.0629397972952574,0.840283919125795,0.63015224202536,0.342911960789934,0.219660270027816,0.437049824511632
0.201681931037456,0.451271206336067,0.523035486708162,-0.240549462550353,0.99278808827512,0.810210771625862,0.334098657825962,0.0908958460204303,0.960116155678406,0.551487519871444,0.266654535662383,0.982406044378877,0.457046317867935,0.47922472585924,0.70528526767157,0.875405560946092,0.614952600328252,0.680054666940123,0.746814439538866,0.753689459292218
0.19126010988839,0.108016758388898,0.187814685169917,0.160282453669622,0.53978936211206,0.762604692019522,0.120401190593839,0.574655290460214,0.380877255229279,0.930684473598376,0.173820912605152,0.543322717072442,0.403324390063062,0.127142050070688,0.0492558798287064,0.0110687566921115,0.0368189697619528,0.43438574927859,0.548451942158863,0.0121625945903361
0.189193622441962,0.103250035307154,0.0806658123300496,-0.0362290674508238,0.433801761828363,0.442404833855107,0.255854324204847,0.654730413574725,0.170088279992342,0.20740434480831,0.896527295233682,0.659887838643044,0.57220648182556,0.264237005030736,0.781316658947617,0.041569180553779,0.017285815672949,0.252121420809999,0.316101830685511,0.406420856714249
0.186217601411045,0.176912556479171,0.581956133359064,-0.217805805788315,0.96467367419973,0.456675694556907,0.353385316440836,0.822204776341096,0.231604878557846,0.229959039483219,0.562343132682145,0.275039361324161,0.260250953026116,0.227041788864881,0.784139262512326,0.211358914151788,0.0680118638556451,0.14642827026546,0.198190840892494,0.41165281063877
0.180866361130029,0.0491480530111019,-0.0923561679162628,0.225391761810317,0.148319643223658,0.680455088848248,0.831319929333404,0.455575515050441,0.949920209357515,0.48398658935912,0.342454317957163,0.396944124717265,0.874087562551722,0.184503210475668,0.552575739799067,0.726182851241902,0.295271991519257,0.622130993520841,0.881732020992786,0.977203529328108
0.176556752528995,0.497073567882394,0.26153602482306,0.15097612810528,0.0664930557832122,0.0743979089893401,0.783223916543648,0.984328898368403,0.0835081576369703,0.461059393826872,0.283729680348188,0.55918457871303,0.993087251903489,0.0172559637576342,0.85510840639472,0.794119044905528,0.126704038120806,0.579677405068651,0.161363870836794,0.22140681813471
0.175126768415794,0.162392358664846,-0.0201350358801874,-0.229682259338916,0.0242514880374074,0.646629075054079,0.940152207389474,0.750398378120735,0.193044015904889,0.782721356954426,0.747538483235985,0.980950295459479,0.930202217539772,0.934820265276358,0.209872044855729,0.633692966075614,0.844714725157246,0.556677608285099,0.789716308237985,0.736711106961593
0.173442334868014,0.347207861690881,0.412036671644551,0.117506559031367,0.61242324183695,0.789914111606777,0.839199031703174,0.13355568703264,0.074695295188576,0.000605266075581312,0.562850194750354,0.964966776082292,0.986528045032173,0.121039894642308,0.230055250460282,0.149760518921539,0.582892629085109,0.02434884570539,0.921758247772232,0.823753194883466
0.148211560677737,0.223886656782836,0.236403486726626,0.232337692673862,0.696608748054132,0.223316506715491,0.148985019186512,0.21517351269722,0.605016008019447,0.750623380066827,0.565385995432734,0.218039868399501,0.658342666225508,0.406425643712282,0.673410430550575,0.485927834641188,0.540331788593903,0.354189245030284,0.521260639186949,0.950343935750425
0.14330437942408,0.426442013164567,0.0574848675261029,0.271881366799653,0.801141887204722,0.0409439904615283,0.590676085092127,0.848379537696019,0.215842896373942,0.830732437549159,0.633331828983501,0.393170869676396,0.302385349525139,0.789167857030407,0.444783360464498,0.748943127924576,0.564409879501909,0.377888964023441,0.0203643825370818,0.0985238691791892
0.129372348077595,0.0875669967618374,0.0538394948573051,0.188248624616447,0.137730283895507,0.384648363338783,0.823962600668892,0.465341185452417,0.587987260660157,0.314671236323193,0.962586591951549,0.871084483806044,0.867420181864873,0.105868488550186,0.660065344534814,0.2656033502426,0.111477636964992,0.0258919151965529,0.121535250218585,0.692418950377032
0.125555095961317,-0.410053822508608,0.303295107514183,0.269383442451408,0.15978482272476,0.344092153944075,0.631885365350172,0.915767790284008,0.228897603228688,0.712033160030842,0.768941204063594,0.6915888634976,0.671259561087936,0.341594616649672,0.0778218938503414,0.758678108453751,0.503265196457505,0.676427339902148,0.220305431401357,0.28422638704069
0.121691921027377,0.243528015218615,-0.0913093012015132,0.16019286089104,0.988833592971787,0.446368692209944,0.469929961487651,0.916557738324627,0.390925179235637,0.25171154923737,0.761524176690727,0.336751536931843,0.489199620904401,0.333594424650073,0.34324827324599,0.196006852202117,0.168936400907114,0.0550569642800838,0.626784958876669,0.801075034309179
0.110360604943708,-0.0963674304927695,-0.0450936345252318,0.183848532134992,0.398645695531741,0.38683316949755,0.258740903576836,0.819854583824053,0.347905913367867,0.309347498230636,0.152722147526219,0.690481673926115,0.6285839099437,0.774401936912909,0.807454800233245,0.377432000823319,0.330436418298632,0.0432647177949548,0.716503412462771,0.831794714787975
0.107943625887856,0.207421925171345,0.189516152708638,0.085263841547246,0.187911816174164,0.918317915406078,0.0245803508441895,0.566901157610118,0.918379402486607,0.695954847149551,0.367797967977822,0.153450242243707,0.690660070860758,0.537167157977819,0.34897535527125,0.560318920062855,0.289174646837637,0.00553221069276333,0.374187414767221,0.679838558426127
0.104987640399486,-0.0897908269071155,0.255041975095784,-0.102331082709096,0.477728241123259,0.174017543438822,0.328808127669618,0.615477161249146,0.112039123661816,0.423095647012815,0.913615794153884,0.890398807590827,0.672291485359892,0.787171488394961,0.0520824007689953,0.452641472686082,0.871861712308601,0.206780816894025,0.430000867228955,0.416039432166144
0.103184235747904,0.0842898541810822,-0.239816398767026,0.153702468447836,0.544234022730961,0.149870562367141,0.224853484425694,0.794800289906561,0.254976143594831,0.852890213020146,0.496350146830082,0.888446028809994,0.882117749424651,0.797589224996045,0.863282800884917,0.886163087328896,0.983075922355056,0.913408516673371,0.18782216636464,0.343821749091148
0.100873126182705,-0.00992221260821687,0.139324063556287,0.285382210700903,0.328157980693504,0.613199228886515,0.877331839408726,0.439696548506618,0.186624069930986,0.534399916650727,0.0277347269002348,0.138003347441554,0.687738198088482,0.223905894672498,0.556919454364106,0.588786631124094,0.44973988016136,0.341096192831174,0.17068098206073,0.296874676598236
0.0994661601725966,0.0503142450111608,-0.1328804874096,0.554453349284441,0.999930593650788,0.017243331996724,0.67765420069918,0.412587253144011,0.745543522993103,0.54817751632072,0.450139385415241,0.0359492159914225,0.999863459262997,0.466157538117841,0.909955336013809,0.0682992786169052,0.428737231297418,0.359174565644935,0.560121854767203,0.822133605368435
0.0842469143681228,-0.0467102073933088,-0.0441188185259092,-0.00404081927363714,0.527781835990027,0.0661104843020439,0.52593330363743,0.565485285129398,0.932968782261014,0.845543978502974,0.0271877180784941,0.355017149820924,0.25053632655181,0.32234396552667,0.761296632234007,0.130542241036892,0.298711734823883,0.866259583970532,0.952005691127852,0.500879856059328
0.0770643802825361,-0.119696668260259,0.339552217757629,0.0794147868156348,0.133734508184716,0.778839041478932,0.557686663931236,0.151647832011804,0.494711893843487,0.377029079943895,0.0182709295768291,0.378946078242734,0.478466552915052,0.544530030107126,0.545541842700914,0.146773063344881,0.259549331618473,0.973590466193855,0.718828025972471,0.496786301257089
0.0752757457084954,0.11455723784292,0.275583764590096,-0.350122870145548,0.438540067756549,0.935656127054244,0.247471673414111,0.807460845448077,0.644993681227788,0.166043678531423,0.871962478850037,0.614776698173955,0.0151006982196122,0.971569425193593,0.477882002945989,0.86031669517979,0.793350585969165,0.980258395429701,0.611078579211608,0.364361931569874
0.0706790471449494,-0.17262621530194,0.0319734791397173,-0.0877438660351414,0.620793939800933,0.207204139558598,0.00729677081108093,0.495641366345808,0.175802586833015,0.189248028676957,0.955188889289275,0.506189440609887,0.252019782550633,0.149301019264385,0.347431353293359,0.949276015395299,0.0181931650731713,0.0727123722899705,0.468449970474467,0.849381481064484
0.0638084805104882,0.00679990762661779,-0.122826883461032,0.321572097192042,0.202912412118167,0.64334315690212,0.948906435165554,0.140509183052927,0.602994646178558,0.856867816066369,0.892738419119269,0.337955133058131,0.326658140635118,0.363682809751481,0.568207804346457,0.896443295525387,0.0345779112540185,0.461705907247961,0.0259514320641756,0.313532576197758
0.0617862704675645,0.00171705750458285,0.123852159478985,0.0109189647887663,0.134169772733003,0.331379575189203,0.719150138553232,0.110289279138669,0.887757665943354,0.337503234623,0.856308729154989,0.329129653051496,0.672132012201473,0.787106834352016,0.950769187184051,0.113651731051505,0.0285940209869295,0.930817308370024,0.801994697889313,0.212108394829556
0.0589343772735447,-0.0687897228499756,0.375598719990856,0.172711524399264,0.776833998039365,0.955421590944752,0.279324544593692,0.110791063401848,0.490209404379129,0.775028235046193,0.123533075442538,0.573297038441524,0.748441303847358,0.586609131889418,0.261379009811208,0.793385952012613,0.568425016012043,0.130190584808588,0.329534132033587,0.585793458623812
0.0355405795853585,0.384110158799205,0.216770414560669,0.169030645620912,0.635949848685414,0.817189157009125,0.743782856035978,0.00471427943557501,0.0183835725765675,0.0690702020656317,0.22165473876521,0.050710043637082,0.342435503611341,0.539789478061721,0.106805441435426,0.00431777210906148,0.88919350062497,0.859063123119995,0.00601890846155584,0.842366850702092
0.023331202333793,-0.350548916797091,0.103559768525092,-0.1665936560309,0.282136296620592,0.740276143187657,0.870748400921002,0.238404355244711,0.17939079226926,0.240949265658855,0.690272177569568,0.40096298744902,0.280259827850387,0.873886008979753,0.253757920349017,0.698139909654856,0.554856961360201,0.520018735202029,0.942850269610062,0.125383907929063
0.0133903331588954,0.0196272315387115,0.0285298214646549,0.0164920676326995,0.191259456099942,0.222705976804718,0.380370125174522,0.878822879167274,0.299391138367355,0.24280183785595,0.648772125830874,0.260631043696776,0.737378113903105,0.769426584709436,0.180903868051246,0.506966484710574,0.197323454776779,0.224378655897453,0.769887712784111,0.377530383877456
0.0130775754805654,-0.228745250430677,0.224975409105068,0.0595840562559382,0.265536719933152,0.0457247165031731,0.719447515904903,0.0772186573594809,0.276964061195031,0.387112989090383,0.0914451922290027,0.168699683854356,0.62696939567104,0.450837499694899,0.531388920033351,0.269444103119895,0.792430558009073,0.427132410695776,0.976159376790747,0.671603712253273
